,blockNumber,timeStamp,hash,nonce,blockHash,from,contractAddress,to,value,tokenName,tokenSymbol,tokenDecimal,transactionIndex,gas,gasPrice,gasUsed,cumulativeGasUsed,input,confirmations,eth value,txn type,AccountId
0,4275003,1505438158,0x4e1603672ea0e1cb6d9a2c28c4fee6a0fcd6b3290abd928bf5b171ee513a04e0,718,0x15a3bd4962a69d23f0f8bc6cd7e19fcb59104a18f56a3a51e1fe122b47f5055f,0x862cb5b6eeaafb26ebb137e0c3c5d7728800439a,0xd26114cd6ee289accf82350c8d8487fedb8a0c07,0x3428a00a51ca130a62cd3309c4091dc6fc11c631,2077583233705888732,OMG Network,OMG,18,41,3020000,4000000000,2930429,4724790,deprecated,11699217,2.077583233705888732,received,0x3428a00a51ca130a62cd3309c4091dc6fc11c631
1,4566110,1510873143,0xe877c76dacad61612bda849db48c1b96042cf6e053eb429db2b93787974c1dc7,117,0xfba22eaf7185d51cae7cb8087440da43200d4d16533d9ed6458b5646f46e03dd,0xae2b80f7f4d285caa658a285233550d19c8e7847,0x519475b31653e46d20cd09f9fdcf3b12bdacb4f5,0x3428a00a51ca130a62cd3309c4091dc6fc11c631,64544569600000000000,VIU,VIU,18,17,3300000,100000000,3270076,4430338,deprecated,11408110,64.5445696,received,0x3428a00a51ca130a62cd3309c4091dc6fc11c631
2,5557439,1525477307,0x126a80cbdc29ebc5ff986d83ee5b1430307385c1b85f48ce82bfb52c933a8cbf,544,0x5a94c9450b86be3498be198d9b24785cb7093da2b29ffe7093665546055e39a2,0x0000000000000000000000000000000000000000,0xd3ace836e47f7cf4948dffd8ca2937494c52580c,0x3428a00a51ca130a62cd3309c4091dc6fc11c631,1500000000000000000000,Free BOB Tokens - BobsRepair.com,BOBx,18,27,4000000,4000000000,3406184,6186708,deprecated,10416781,1500,received,0x3428a00a51ca130a62cd3309c4091dc6fc11c631
3,5727711,1528068504,0x5c186c6866e1544fa4b6a5d05ebf5e79d86c56f9ae086f8e254a17b1ac2b501c,914,0xd15dfad19a97181a9198689bfe05ee716bd0fae0b0a2085085b26e879cc55225,0x84d069d3bef6c979bd248d494ab9102c6adb7c0e,0x4092678e4e78230f46a1534c0fbc8fa39780892b,0x3428a00a51ca130a62cd3309c4091dc6fc11c631,3000000000000000000,OCoin,OCN,18,32,3000000,4000000000,2893790,7051405,deprecated,10246509,3,received,0x3428a00a51ca130a62cd3309c4091dc6fc11c631
4,5805558,1529248061,0x4e1259b7a76e7cc887abdaef25b4bac5a29db028f062867c529c7a30dbc4238d,11608,0x597c91408d4da0c71887de546d31a4a2ad4a910c2fda5eedad4f9c013ecdb2b6,0x2881badc252165ee04c697306fea572cd19d8549,0x5eac95ad5b287cf44e058dcf694419333b796123,0x3428a00a51ca130a62cd3309c4091dc6fc11c631,600000000000000000000,AICRYPTO,AIC,18,91,1500000,3000000000,1446427,7196873,deprecated,10168662,600,received,0x3428a00a51ca130a62cd3309c4091dc6fc11c631
5,6384994,1537710320,0x23c9d5ccf817f94301e22c5f7d6a66e283eec0c67d59bc7f1d146f80ceaab7fe,515,0x8e19470380645b667f3c707d48061957ede3ed745bf9cfe4e5f452b0dd320d44,0x8e306b005773bee6ba6a6e8972bc79d766cc15c8,0x58b6a8a3302369daec383334672404ee733ab239,0x3428a00a51ca130a62cd3309c4091dc6fc11c631,2098984575633229423,Livepeer Token,LPT,18,60,1800000,4200000000,1464928,6992732,deprecated,9589226,2.098984575633229423,received,0x3428a00a51ca130a62cd3309c4091dc6fc11c631
6,6501783,1539355771,0x63a1c88d4dd5f8f157684315a1eeeea48471dcebd97f4043bc8b103e1a45a7bb,414,0xd4e287c452029c6e4358919041a2cb86379f01d4af3a7d117c853ad678af45ba,0x0000000000000000000000000000000000000000,0xaf47ebbd460f21c2b3262726572ca8812d7143b0,0x3428a00a51ca130a62cd3309c4091dc6fc11c631,5,Promodl,PMOD,0,54,2000000,8000000000,1699834,5590912,deprecated,9472437,5E-18,received,0x3428a00a51ca130a62cd3309c4091dc6fc11c631
7,6670365,1541738572,0x766a7cf9aecebb98397aa722058ee87008125846323942adcad960797dcb47b1,24,0xc6b23b06e64f7812999775f2da3cd4d355e85023aafe766684b894866ffccfb1,0x3428a00a51ca130a62cd3309c4091dc6fc11c631,0xd26114cd6ee289accf82350c8d8487fedb8a0c07,0x8477c637bab24782b5cc9d42fadc194dc128d4fa,2077583233705888732,OMG Network,OMG,18,35,100000,10000000000,22222,1552811,deprecated,9303855,2.077583233705888732,sent,0x3428a00a51ca130a62cd3309c4091dc6fc11c631
