,blockNumber,timeStamp,hash,nonce,blockHash,transactionIndex,from,to,value,gas,gasPrice,isError,txreceipt_status,input,contractAddress,cumulativeGasUsed,gasUsed,confirmations,methodId,functionName,eth value,txn type,AccountId
0,,,,,,,,,,,,,,,,,,,,,,,0x25f8b4acd2c37d7ebae0066fdf9f13f327c0c4eb
