,blockNumber,timeStamp,hash,nonce,blockHash,transactionIndex,from,to,value,gas,gasPrice,isError,txreceipt_status,input,contractAddress,cumulativeGasUsed,gasUsed,confirmations,methodId,functionName,eth value,txn type,AccountId
0,13922208,1641075623,0xfee3c2675e5427386a170dcfc180fdb93dbed7c1bbbe0dedbfff14ef8ba2d845,5,0x0ca7f9e667a9e591e56c870b025cb2ce26f89b43fb1088b2ad9412768efe73c6,207,0x2e64c40891617bc20e9ee57f32ed0e434dc35522,0x4ebf3d4a66b3d8a8d393aafa9f6d36d30edabc14,54000000000000000,21000,143994719479,0,1,0x,,14560022,21000,2050913,0x,,0.054,received,0x4ebf3d4a66b3d8a8d393aafa9f6d36d30edabc14
1,13922773,1641083025,0x3f27e6707c4af1aa13f5b7826417e42f81125479dcee5d416b142fc5ed02bc7c,4128521,0x7b5785fcf0fe83181a9fa605bd5c74f75691d52ce19199fd11bdc9fc467ebc92,64,0xddfabcdc4d8ffc6d5beaf154f18b778f892a0740,0x4ebf3d4a66b3d8a8d393aafa9f6d36d30edabc14,85000000000000000,21000,94471463112,0,1,0x,,5030668,21000,2050348,0x,,0.085,received,0x4ebf3d4a66b3d8a8d393aafa9f6d36d30edabc14
2,13923477,1641092422,0xe1b6a68f3b80982a22996f7c233fa7ae3b5b08908e06dbe5c5294925ed79b9a3,0,0xfa655dfe068769519f4b5b43ef7c08335354ade90e4527461215a5727efd3390,48,0x4ebf3d4a66b3d8a8d393aafa9f6d36d30edabc14,0x9797a7eab75a9e872838e2a5105059ddfd0568b9,136690000000000000,21000,110000000000,0,1,0x,,1806356,21000,2049644,0x,,0.13669,sent,0x4ebf3d4a66b3d8a8d393aafa9f6d36d30edabc14
3,13984135,1641903208,0xf19bf880431979a398ffd42a09cc9c84dae20582bef166532afec928960f3856,5600329,0x6c2d5060ae3eddbbe8f6b673ae9febc96c29dc3129f93cc983397fa702e1f508,28,0x3cd751e6b0078be393132286c442345e5dc49699,0x4ebf3d4a66b3d8a8d393aafa9f6d36d30edabc14,50000000000000000,21000,114153426455,0,1,0x,,1050144,21000,1988986,0x,,0.05,received,0x4ebf3d4a66b3d8a8d393aafa9f6d36d30edabc14
4,13984320,1641905443,0xd132c9f2e7870457ad9add31abad7d06e29800e84a53a3eb74037c8cd666988e,5220733,0xee31dfb0360dec36a1e74784849053952695357bec1aec67fe98421c9c112b3b,465,0xb5d85cbf7cb3ee0d56b3bb207d5fc4b82f43f511,0x4ebf3d4a66b3d8a8d393aafa9f6d36d30edabc14,50000000000000000,21000,113320756924,0,1,0x,,24568888,21000,1988801,0x,,0.05,received,0x4ebf3d4a66b3d8a8d393aafa9f6d36d30edabc14
5,13988196,1641956434,0xc1341f972f60bd8f5919cd21b900f4586e5222ea67e0cb2af45bca6a0c632254,1,0xe073c1e72f6a581bf94882c8ca8297272157973f79c0b928244a78bf661bbade,146,0x4ebf3d4a66b3d8a8d393aafa9f6d36d30edabc14,0x9797a7eab75a9e872838e2a5105059ddfd0568b9,96052000000000000,21000,188000000000,0,1,0x,,8315293,21000,1984925,0x,,0.096052,sent,0x4ebf3d4a66b3d8a8d393aafa9f6d36d30edabc14
6,13992577,1642014827,0x1e873f87dce81356f6d63eb7170cfdd2fd2ce04e22d76c8e04ea4d3c9d78030a,5,0xfbde9a7af43e01b415d9ac823eb6ae17746bfa29d13367f49e66788536517a3c,18,0x53007c24cf7100171fe1433e5cf4e3e2f8204006,0x4ebf3d4a66b3d8a8d393aafa9f6d36d30edabc14,50000000000000000,21000,511319487797,0,1,0x,,2177202,21000,1980544,0x,,0.05,received,0x4ebf3d4a66b3d8a8d393aafa9f6d36d30edabc14
7,13992830,1642018541,0x5b030da8f22c029bebbfaaf8498292e6b20af04db1a65ed96148f98afa24a3d9,6,0x1339518c87842d6d44e26892cf083797018e799b045571fe7dbc1b9566a87ccc,123,0x53007c24cf7100171fe1433e5cf4e3e2f8204006,0x4ebf3d4a66b3d8a8d393aafa9f6d36d30edabc14,50000000000000000,21000,196614754956,0,1,0x,,11699065,21000,1980291,0x,,0.05,received,0x4ebf3d4a66b3d8a8d393aafa9f6d36d30edabc14
8,13993915,1642033193,0x4b703f002dc5ed1712a6d1a60bb1f3993e78d6406f558c123587189f4a5301fd,4127193,0x9007eb27c344fba2f23bc4c1b1c00683c22f1b68bef056907ef98b031245c941,75,0xeb2629a2734e272bcc07bda959863f316f4bd4cf,0x4ebf3d4a66b3d8a8d393aafa9f6d36d30edabc14,52489160000000000,21000,180029471679,0,1,0x,,2428716,21000,1979206,0x,,0.05248916,received,0x4ebf3d4a66b3d8a8d393aafa9f6d36d30edabc14
9,13994023,1642034581,0xc68b5f3889ed3a206f9492a5bd0fb4040a45fb7bd43ce6267a9df89562c7e88b,4358623,0x2dd8bf7cc9ed84fc47b7e3b33548cf10465442578dcacdeb9f483bf2d7728d6c,122,0xddfabcdc4d8ffc6d5beaf154f18b778f892a0740,0x4ebf3d4a66b3d8a8d393aafa9f6d36d30edabc14,50720020000000000,21000,157236819784,0,1,0x,,6630254,21000,1979098,0x,,0.05072002,received,0x4ebf3d4a66b3d8a8d393aafa9f6d36d30edabc14
10,13994649,1642042837,0x6d4496fb83dd3f708fd6ec2179b42f5c3aa69fd6a136116a9279b54a0372b526,2,0xe18eb2dfe0ec49c6394ca370805aea3d87e2d3f11554ba6384468ac07de26b71,109,0x4ebf3d4a66b3d8a8d393aafa9f6d36d30edabc14,0x9797a7eab75a9e872838e2a5105059ddfd0568b9,200311180000000000,21000,138000000000,0,1,0x,,5671367,21000,1978472,0x,,0.20031118,sent,0x4ebf3d4a66b3d8a8d393aafa9f6d36d30edabc14
11,13999853,1642112853,0xeb7b4de04c7646e46e1217bcd9a03e1f966d06b4f0c2bc7bde68a98adb0019ad,4999481,0x199405c0fb18079494785ee9eeb347580660701477132f7b815e1354f4af31a1,22,0x46340b20830761efd32832a74d7169b29feb9758,0x4ebf3d4a66b3d8a8d393aafa9f6d36d30edabc14,45000000000000000,350000,139835774779,0,1,0x,,959478,21000,1973268,0x,,0.045,received,0x4ebf3d4a66b3d8a8d393aafa9f6d36d30edabc14
12,14000506,1642121831,0x10f8ae3ab267aae99f2b3dff3902a3815e4143bc9c12fdb24b89025b9e943581,40,0x980d034208ab913285f097de56cd5b847b3511bbe27a72e1907e6b07d34ae4aa,81,0xded893f66bd99e5c39dcdbced8786e7ec6ca6241,0x4ebf3d4a66b3d8a8d393aafa9f6d36d30edabc14,50000000000000000,21000,494045267642,0,1,0x,,9097999,21000,1972615,0x,,0.05,received,0x4ebf3d4a66b3d8a8d393aafa9f6d36d30edabc14
13,14000651,1642123552,0xac004f343d5b43865af53f083e97c2e51f21cbf7b4d0c882e0883884eba62946,41,0xe682f74b4c68c8bb78d83249e517452784ed6474cd2c04636018078a75c58183,255,0xded893f66bd99e5c39dcdbced8786e7ec6ca6241,0x4ebf3d4a66b3d8a8d393aafa9f6d36d30edabc14,50000000000000000,21000,291615537404,0,1,0x,,15428690,21000,1972470,0x,,0.05,received,0x4ebf3d4a66b3d8a8d393aafa9f6d36d30edabc14
14,14000972,1642127981,0xc7befee29412fdb9ca0352b31b998d0007eafd91c85fd53b1a8d1a86c6556cb9,42,0x954c90fbd2dfd24f47cd74a11fb12fafe9be3c1f31396d9de306a7cdded1b678,203,0xded893f66bd99e5c39dcdbced8786e7ec6ca6241,0x4ebf3d4a66b3d8a8d393aafa9f6d36d30edabc14,300000000000000000,21000,164934018827,0,1,0x,,17536557,21000,1972149,0x,,0.3,received,0x4ebf3d4a66b3d8a8d393aafa9f6d36d30edabc14
15,14001067,1642129235,0x0da1a623dc2cc43ef4a15a6495d48cf5032da4f151087c9d5d73caefde58cafe,3,0xad0a3ab423ab558c3a7c19e56d7eb24932ec571a2254535ef7748038ea1dd63f,14,0x4ebf3d4a66b3d8a8d393aafa9f6d36d30edabc14,0x9797a7eab75a9e872838e2a5105059ddfd0568b9,441220000000000000,21000,180000000000,0,1,0x,,471268,21000,1972054,0x,,0.44122,sent,0x4ebf3d4a66b3d8a8d393aafa9f6d36d30edabc14
16,14011373,1642267589,0x4b17093c106e205efd10d86825ebf3b0bdf5a7b2f2cb851808e82e198f5c39a0,1,0x009a783892b0853c353dae9763a0afbcf68be222dbff26af3d26e26294965d84,96,0x0914cfa69e1e6f741855474e83b0712d5a9dec18,0x4ebf3d4a66b3d8a8d393aafa9f6d36d30edabc14,50000000000000000,21000,140609944145,0,1,0x,,10630385,21000,1961748,0x,,0.05,received,0x4ebf3d4a66b3d8a8d393aafa9f6d36d30edabc14
17,14011532,1642269780,0x51c139f471ccc6fe4d2b48ebe52dc4987b4cba1359bc8f6126db063fbb7dd28e,2,0xa0ab83a2167037cde71758485212836a6bbe4188140f0bcbca35792a8a6f82a2,228,0x0914cfa69e1e6f741855474e83b0712d5a9dec18,0x4ebf3d4a66b3d8a8d393aafa9f6d36d30edabc14,50000000000000000,21000,139555602831,0,1,0x,,15752027,21000,1961589,0x,,0.05,received,0x4ebf3d4a66b3d8a8d393aafa9f6d36d30edabc14
18,14011598,1642270820,0x043f4bc7c97207fb52d40cd3d8e210bd03ceee615a8b851a730904dcc39b60ab,3,0x9addea87453173cde515a73fa6a4a0923a9467952c5fdca45436b6ed9418c892,284,0x0914cfa69e1e6f741855474e83b0712d5a9dec18,0x4ebf3d4a66b3d8a8d393aafa9f6d36d30edabc14,30000000000000000,21000,186256664222,0,1,0x,,16800913,21000,1961523,0x,,0.03,received,0x4ebf3d4a66b3d8a8d393aafa9f6d36d30edabc14
19,14013992,1642302377,0x2c5e35f942ca62c75535433320e33028aa194e66293885b0c9b04c03c26a7307,4,0xc297619a0d731b2004e7f22946e29070d8dfd58cee7c5877ceb115a2ccf65628,30,0x4ebf3d4a66b3d8a8d393aafa9f6d36d30edabc14,0x9797a7eab75a9e872838e2a5105059ddfd0568b9,127963000000000000,21000,97000000000,0,1,0x,,2871853,21000,1959129,0x,,0.127963,sent,0x4ebf3d4a66b3d8a8d393aafa9f6d36d30edabc14
20,14015421,1642321312,0x4b83cb2181229e9ce892c492d9ceb832d3955a262ca077160af10e7f6ea0c138,14,0xe314476a39808959c82dd09550f875e3e652a2d601dbc9d0d1cd6f68dffa382a,163,0x6df6a07c72fa583ae74ba4438c254467a5c00266,0x4ebf3d4a66b3d8a8d393aafa9f6d36d30edabc14,29979793619100726,21000,104000000000,0,1,0x,,13336813,21000,1957700,0x,,0.029979793619100726,received,0x4ebf3d4a66b3d8a8d393aafa9f6d36d30edabc14
21,14020491,1642388606,0xf34dc3537f2def26c500191f7c66c6279f94efb40b784cb62b99f2ce5b7c5033,5,0x17d9be449693b5cc9a67d49e86a36e5aa9ea98c0284c1c792b308a3eb2a8f096,32,0x4ebf3d4a66b3d8a8d393aafa9f6d36d30edabc14,0x9797a7eab75a9e872838e2a5105059ddfd0568b9,26577793619100726,21000,162000000000,0,1,0x,,1345353,21000,1952630,0x,,0.026577793619100726,sent,0x4ebf3d4a66b3d8a8d393aafa9f6d36d30edabc14
22,14026057,1642462454,0x70804c59d537efe7be2c8d34c829e46faaf0e9c33cfea560b18d37d9b1f81bcd,2,0x3dd1819a208c32edb1689b0d49919b630ada573c35a14a0c149d9169d7d7f82e,213,0x0bd2535066b104f6694aa0871353b28263aaaed3,0x4ebf3d4a66b3d8a8d393aafa9f6d36d30edabc14,88677850124368369,21000,116357017217,0,1,0x,,14272993,21000,1947064,0x,,0.088677850124368369,received,0x4ebf3d4a66b3d8a8d393aafa9f6d36d30edabc14
23,14027316,1642478977,0x8c1e921a2879b02035548141a8eb053f261118b3af4f5e54166266b0ced47484,6,0x6ddc0a12483515f55bab0700965bf2facfbc77e96021a7b336d22e31b8720de3,57,0x4ebf3d4a66b3d8a8d393aafa9f6d36d30edabc14,0x9797a7eab75a9e872838e2a5105059ddfd0568b9,87123850124368369,21000,74000000000,0,1,0x,,4369785,21000,1945805,0x,,0.087123850124368369,sent,0x4ebf3d4a66b3d8a8d393aafa9f6d36d30edabc14
24,14030156,1642517693,0x315999465479819e0c8b3a84e6fffcb6475c208932134d891d876257f1a338b1,5753342,0xf6289ad9afe2b433ca725eef800799da6475f61526ed9e51ced4feb876968289,27,0x3cd751e6b0078be393132286c442345e5dc49699,0x4ebf3d4a66b3d8a8d393aafa9f6d36d30edabc14,51433050000000000,21000,144386666712,0,1,0x,,1043728,21000,1942965,0x,,0.05143305,received,0x4ebf3d4a66b3d8a8d393aafa9f6d36d30edabc14
25,14031836,1642539403,0x365e35e86d33f9abb42d9045e44b3f6bbf01062db6ce455974ef89ce8af9eef7,2,0x30e3688becc5c277aacbd59d9aded81d2031d8118b96b756503fcea3d8b10a08,61,0x9b3c2f756765fa4a8eab2d5a39373fa6da45b159,0x4ebf3d4a66b3d8a8d393aafa9f6d36d30edabc14,95974100000000000,21000,92000000000,0,1,0x,,1680297,21000,1941285,0x,,0.0959741,received,0x4ebf3d4a66b3d8a8d393aafa9f6d36d30edabc14
26,14033479,1642561835,0x4fa24dec56daebab4012dc7fd4fe40a63ee986445767c417f3284e4dddad3e5a,7,0x576b55a5e5f147aff8d83e8de1c96aa9c80a20eb6a81f765805f978a40c7cb7f,85,0x4ebf3d4a66b3d8a8d393aafa9f6d36d30edabc14,0x9797a7eab75a9e872838e2a5105059ddfd0568b9,145517150000000000,21000,90000000000,0,1,0x,,5070790,21000,1939642,0x,,0.14551715,sent,0x4ebf3d4a66b3d8a8d393aafa9f6d36d30edabc14
27,14046316,1642732984,0x9dbe711fe3a25511ae7eabc3e80d4647153bc05dbf021b06a79e5a729eddc88e,5,0x277627adbed73e4aca7fc2756cb68e70ba8a9049119c88795172a6743c28f93d,115,0xaffb93afad9570199bfdb00f1ca297287c30dcaf,0x4ebf3d4a66b3d8a8d393aafa9f6d36d30edabc14,10459825165740822,21000,182611768269,0,1,0x,,9363335,21000,1926805,0x,,0.010459825165740822,received,0x4ebf3d4a66b3d8a8d393aafa9f6d36d30edabc14
28,14046394,1642734064,0xdddc74d9f38cc53e528c01de2c65c9fd537d109cfcce91723deb4f8cbc3e18f8,8,0xdf87b11bb2b18b03ed616690e458b1ac6ea79ebcdd5827e6176ea26cee3f08e4,64,0x4ebf3d4a66b3d8a8d393aafa9f6d36d30edabc14,0x9797a7eab75a9e872838e2a5105059ddfd0568b9,7204825165740822,21000,155000000000,0,1,0x,,3940209,21000,1926727,0x,,0.007204825165740822,sent,0x4ebf3d4a66b3d8a8d393aafa9f6d36d30edabc14
29,14047146,1642743672,0x2f80119a18d81e6a24f04fee3e80f73e8ca44be63c60be287174a019d4d0e262,15,0x770d006c64451cd3934a14a0da3389307fb8432a66366d5c16ab2d58b7589aaa,305,0x4e11a0d5f98d6469d15260406873c0046a491a3b,0x4ebf3d4a66b3d8a8d393aafa9f6d36d30edabc14,150000000000000000,21000,109806020973,0,1,0x,,25038113,21000,1925975,0x,,0.15,received,0x4ebf3d4a66b3d8a8d393aafa9f6d36d30edabc14
30,14047190,1642744321,0xb8efba2067096ef347f61309cedf055f1ee332db37441e30c8c3d806dcd8d6b3,16,0x22c3295f36c6a69df6782450b3357786d5bef8a3c2e86f2f38dcccb785e74450,270,0x4e11a0d5f98d6469d15260406873c0046a491a3b,0x4ebf3d4a66b3d8a8d393aafa9f6d36d30edabc14,320000000000000000,21000,158925178007,0,1,0x,,17321654,21000,1925931,0x,,0.32,received,0x4ebf3d4a66b3d8a8d393aafa9f6d36d30edabc14
31,14047628,1642750465,0xd1f863dc0f5c42d0f6a52df83a370bd35b88457ed0100961c9e7bd55e4736c85,865477,0x2366fd1d9bfcb530b3e0c2db87d8886d7f17e630f29600cb682c074aa7885b79,13,0x4976a4a02f38326660d17bf34b431dc6e2eb2327,0x4ebf3d4a66b3d8a8d393aafa9f6d36d30edabc14,8750000000000000,207128,139000000000,0,1,0x,,862151,21000,1925493,0x,,0.00875,received,0x4ebf3d4a66b3d8a8d393aafa9f6d36d30edabc14
32,14047705,1642751562,0xa9dffb31ec9a9a0908866db56cd6860c4c6ec2ff4e6411e8aee7a3740689f3a0,17,0xf7e4b25d32b6c879599e151b1c8682828e71fef8a359b3710cdea73450a94159,214,0x4e11a0d5f98d6469d15260406873c0046a491a3b,0x4ebf3d4a66b3d8a8d393aafa9f6d36d30edabc14,630000000000000000,21000,105416028101,0,1,0x,,17999057,21000,1925416,0x,,0.63,received,0x4ebf3d4a66b3d8a8d393aafa9f6d36d30edabc14
33,14048093,1642756742,0x7517d2d6c043cc45823d60fb5e428b9b09140d5a4bc20a3fbc1d8727f4a233b2,18,0x6c6b35a1bd27ac5b71a2558215d7ceacd66c1d54c5baf284c7a2f415d8c516fc,184,0x4e11a0d5f98d6469d15260406873c0046a491a3b,0x4ebf3d4a66b3d8a8d393aafa9f6d36d30edabc14,880000000000000000,21000,97817405398,0,1,0x,,14419756,21000,1925028,0x,,0.88,received,0x4ebf3d4a66b3d8a8d393aafa9f6d36d30edabc14
34,14049653,1642777956,0x0886a9a2a3ad9f0bb440aae760656233b9370d7a0cc2e79b25706b505c2d43a1,5,0x34ddee3748557c37980924588a7f9232e02fcf4e438f03a1c4f353f0057d76b1,335,0xcb18391252b5ccb92fe02779aa2a9fe396fb3b07,0x4ebf3d4a66b3d8a8d393aafa9f6d36d30edabc14,30000000000000000,21000,166319611645,0,1,0x,,21114894,21000,1923468,0x,,0.03,received,0x4ebf3d4a66b3d8a8d393aafa9f6d36d30edabc14
35,14049712,1642778756,0x7d54be2552b1d645010661a9ddf4a898fc7320880b5c868cc14f336350212265,6,0x010f369a1de14abc8f291c2dec2709a02e301634871fd24bd039bf2fb2d08399,224,0xcb18391252b5ccb92fe02779aa2a9fe396fb3b07,0x4ebf3d4a66b3d8a8d393aafa9f6d36d30edabc14,50000000000000000,21000,129258314767,0,1,0x,,16840277,21000,1923409,0x,,0.05,received,0x4ebf3d4a66b3d8a8d393aafa9f6d36d30edabc14
36,14052387,1642815058,0xc7297979787f7361fb6208de29128099cefefe9b79c662aa2c539d647715d111,0,0x28efa40b289268447270384df4fea1726b25ebe72c7a809f4f0b9facff1c2515,361,0x890bb2be7cba40abe31322bb7c7193ec46b67dc4,0x4ebf3d4a66b3d8a8d393aafa9f6d36d30edabc14,50000000000000000,21000,157317420403,0,1,0x,,19691006,21000,1920734,0x,,0.05,received,0x4ebf3d4a66b3d8a8d393aafa9f6d36d30edabc14
37,14052815,1642820383,0xa4916dd2871a101f22d12e57ee00787bcd3dd1206b4dac9bb4f1a82e6c7dfec7,9,0x8d7db5d9a8cb7ef953b72ccf989a8a7856536dceae8ebea32048cd3290bcf05b,272,0x4ebf3d4a66b3d8a8d393aafa9f6d36d30edabc14,0x9797a7eab75a9e872838e2a5105059ddfd0568b9,2115453000000000000,21000,157000000000,0,1,0x,,18185087,21000,1920306,0x,,2.115453,sent,0x4ebf3d4a66b3d8a8d393aafa9f6d36d30edabc14
38,14053612,1642830402,0xa426c9d6100f0019817bd8deae0a4e09734b3485b1a52e731f9894db87a4fe9f,8,0xc9b8a06e8d806ecb4ad6a4b1c934c8b2525f41e1cbf148be4fcfdc285391e402,250,0x15e5780755e5f413e3a9328ecafdc22201d04b52,0x4ebf3d4a66b3d8a8d393aafa9f6d36d30edabc14,50000000000000000,21000,160074222420,0,1,0x,,29452376,21000,1919509,0x,,0.05,received,0x4ebf3d4a66b3d8a8d393aafa9f6d36d30edabc14
39,14054051,1642836052,0xf0a82d3cec08c99d5872aae7dae036e42759a96769170674b1a9664b6f1f7428,4,0x7e9c4b89dacaf1b2f94d8e3574489567fa8e5babcfe6eaea2fba7c2779d1df0f,241,0xeaf18af34ed3f5c20961ee9e235d00f54daa707f,0x4ebf3d4a66b3d8a8d393aafa9f6d36d30edabc14,40000000000000000,21000,128912039798,0,1,0x,,22451928,21000,1919070,0x,,0.04,received,0x4ebf3d4a66b3d8a8d393aafa9f6d36d30edabc14
40,14054106,1642836972,0xed389a05a4869ee8d1414a3b5a2a773ececbb1c6ddfb18e42afbd66ed407ded4,5,0x27ea4de0a7fded2f8068d43ba268841d355d92cd2a4351d45d023964b58448b0,87,0xeaf18af34ed3f5c20961ee9e235d00f54daa707f,0x4ebf3d4a66b3d8a8d393aafa9f6d36d30edabc14,30000000000000000,21000,339243933574,0,1,0x,,8772356,21000,1919015,0x,,0.03,received,0x4ebf3d4a66b3d8a8d393aafa9f6d36d30edabc14
41,14054142,1642837414,0xd49b65c543ad303910f5c6ad6dbb7ea1d4d8aa791cd154da831ed7714c7ccb3d,6,0x0af63468ddfb83511f4771d38ca678c4cca41812e51940ade1c9f05f445ac054,71,0xeaf18af34ed3f5c20961ee9e235d00f54daa707f,0x4ebf3d4a66b3d8a8d393aafa9f6d36d30edabc14,10000000000000000,21000,199599524888,0,1,0x,,5409067,21000,1918979,0x,,0.01,received,0x4ebf3d4a66b3d8a8d393aafa9f6d36d30edabc14
42,14054803,1642846571,0xb548f54baf0ed8175db1f6e937f8fd4a546639c243c84f6257d4ffd2b5fda4c9,6,0xa74beee3a39ea1005d9790db2e854855f570dd27b980ae6a7e4ee771e64d0219,143,0x5579471d575f2f660b91d42c59936f7786d6d64b,0x4ebf3d4a66b3d8a8d393aafa9f6d36d30edabc14,40000000000000000,21000,402098555648,0,1,0x,,12551697,21000,1918318,0x,,0.04,received,0x4ebf3d4a66b3d8a8d393aafa9f6d36d30edabc14
43,14054879,1642847626,0x21a53c44109b28d918e41135d1ca6a7eff2f381cfabc8310febe238d9bc36064,7,0x61a8ad9bf0b4a81a276cf2b8dca510e5c4ede871becf1c685b6f887d28164143,227,0x5579471d575f2f660b91d42c59936f7786d6d64b,0x4ebf3d4a66b3d8a8d393aafa9f6d36d30edabc14,30000000000000000,21000,216572196042,0,1,0x,,17372596,21000,1918242,0x,,0.03,received,0x4ebf3d4a66b3d8a8d393aafa9f6d36d30edabc14
44,14055699,1642858036,0xd263bb38567516ae95e28d6560f6b160def04d978d935301393f2ba92f54283d,6,0xfab16ea31eee0e45bc88171c9a3efd4eb03dae043062bab1f345bc0f4b5a50d6,132,0x60ba229b54a60dc1f4cdd8e75f73e4aa778ba356,0x4ebf3d4a66b3d8a8d393aafa9f6d36d30edabc14,9000000000000000,21000,98569105012,0,1,0x,,11811425,21000,1917422,0x,,0.009,received,0x4ebf3d4a66b3d8a8d393aafa9f6d36d30edabc14
45,14055822,1642859895,0x9bb0ae867e10196ea6fe76abe4ba0b2d7159c639bd8086b39f69b886a3a9ed63,7,0x15fcfaf8185b0f8c25105cdd76846b3da4abf4dac0f8c68abff80333747cb3a8,397,0x60ba229b54a60dc1f4cdd8e75f73e4aa778ba356,0x4ebf3d4a66b3d8a8d393aafa9f6d36d30edabc14,50000000000000000,21000,129197283332,0,1,0x,,29696358,21000,1917299,0x,,0.05,received,0x4ebf3d4a66b3d8a8d393aafa9f6d36d30edabc14
46,14056066,1642863371,0xf945fe8a4efba56672d8a9297d479386ad4d41b86da24d1257343eaa10117e3f,8,0x39274e40344e14d7cffa9dfeb77286ec99992fb5ef09e1a8f28489b79179a961,186,0x60ba229b54a60dc1f4cdd8e75f73e4aa778ba356,0x4ebf3d4a66b3d8a8d393aafa9f6d36d30edabc14,170000000000000000,21000,137893352780,0,1,0x,,16924166,21000,1917055,0x,,0.17,received,0x4ebf3d4a66b3d8a8d393aafa9f6d36d30edabc14
47,14056460,1642868680,0x69617c26aa09dcc07c9eb4f1282950d2a59e8ca618263e85efdc17457566e0b5,3,0xded45e8752ad19f7e7cb567bd648b1e93b2ac6a4601075b524eca039bef09236,68,0x9b3c2f756765fa4a8eab2d5a39373fa6da45b159,0x4ebf3d4a66b3d8a8d393aafa9f6d36d30edabc14,446220000000000000,21000,130000000000,0,1,0x,,6238566,21000,1916661,0x,,0.44622,received,0x4ebf3d4a66b3d8a8d393aafa9f6d36d30edabc14
48,14059344,1642907153,0xfe2c957cb0a02a9150b6159f2838d8261f61602419e499bb156b13c5fd6c64b6,10,0xe8b6004f6c2e6e1ecf30818c75d04a04692028df318dbce90b36088c20c852e1,93,0x4ebf3d4a66b3d8a8d393aafa9f6d36d30edabc14,0x9797a7eab75a9e872838e2a5105059ddfd0568b9,873099000000000000,21000,101000000000,0,1,0x,,7681594,21000,1913777,0x,,0.873099,sent,0x4ebf3d4a66b3d8a8d393aafa9f6d36d30edabc14
49,14082113,1643211338,0x248bacbb8b8ca235b11f697d66b412e33f4e0a981ac792127f23fe39f3349de5,1,0xaa812f439c42e9daf206945e09ee2a27c6a717c4652b8c192c096ac4f724d03a,119,0x4e915061580bfeaba04471867954e8be3d0df07d,0x4ebf3d4a66b3d8a8d393aafa9f6d36d30edabc14,62447582351612745,21000,160655251199,0,1,0x,,10351769,21000,1891008,0x,,0.062447582351612745,received,0x4ebf3d4a66b3d8a8d393aafa9f6d36d30edabc14
50,14085144,1643252433,0x23a164bac0ae5e3dbb2e3716fea22dc9654941968a84e8bdfa5c9c7558972ca2,11,0x949da8859c0576af37a49ce0791cac2878aed082a91acb056dd0a524d7c195d9,121,0x4ebf3d4a66b3d8a8d393aafa9f6d36d30edabc14,0x9797a7eab75a9e872838e2a5105059ddfd0568b9,59507582351612745,21000,140000000000,0,1,0x,,4912673,21000,1887977,0x,,0.059507582351612745,sent,0x4ebf3d4a66b3d8a8d393aafa9f6d36d30edabc14
51,14088122,1643292597,0xa269d1eae43ac5392c0b4bb93c4cc16a2e0dbda453783784daeae9db5059a6dd,5553465,0x945b373b65d48aa3af08b8b038d4c8fc4d41b4e24bb5dcb181b39769c6b4ccac,114,0xb5d85cbf7cb3ee0d56b3bb207d5fc4b82f43f511,0x4ebf3d4a66b3d8a8d393aafa9f6d36d30edabc14,30000000000000000,21000,127073367413,0,1,0x,,5948031,21000,1884999,0x,,0.03,received,0x4ebf3d4a66b3d8a8d393aafa9f6d36d30edabc14
52,14089114,1643305281,0xd2cd78cf7e3593eb13b8a97ea7e832fb4c3285463736bd55fd6d08c33dbef9d9,20,0xd676970579f7370612d1290c039e9b3ae1c7fe6429658872b06cb6b773d07f98,93,0x6df6a07c72fa583ae74ba4438c254467a5c00266,0x4ebf3d4a66b3d8a8d393aafa9f6d36d30edabc14,183987374377509383,21000,253000000000,0,1,0x,,5965773,21000,1884007,0x,,0.183987374377509383,received,0x4ebf3d4a66b3d8a8d393aafa9f6d36d30edabc14
53,14091641,1643338830,0xf3faaed3c9679c7bad01944bd341dbd185e77bf7fd7afa496fa454ffcc6b27a2,12,0x2296e3b92324b67ca724cd79eb853a91b5ea5606460a3e360123ec9ce01617db,17,0x4ebf3d4a66b3d8a8d393aafa9f6d36d30edabc14,0x9797a7eab75a9e872838e2a5105059ddfd0568b9,210480374377509383,21000,167000000000,0,1,0x,,657031,21000,1881480,0x,,0.210480374377509383,sent,0x4ebf3d4a66b3d8a8d393aafa9f6d36d30edabc14
54,14094369,1643375659,0x29aa9050beb8fa8a686d1748779457d810ea925dfc2e3938eb312819c58a5cc9,5972429,0xb78f48962ecf5955765be527f790fee64e3120fe0e31cb93c290ce79840f63cc,37,0x3cd751e6b0078be393132286c442345e5dc49699,0x4ebf3d4a66b3d8a8d393aafa9f6d36d30edabc14,13000000000000000,21000,85258331615,0,1,0x,,3822256,21000,1878752,0x,,0.013,received,0x4ebf3d4a66b3d8a8d393aafa9f6d36d30edabc14
55,14095239,1643387157,0x3ac92efb1f3605cb0cc0d69868d2e8a9b140d7174d22ba412eddf21b6314c4a1,0,0xe8717e60ddf5cb3f4d970d4384b6438feb6030d8433e63ad45d40d23d0fae5fa,154,0x7a9c4997cce1f10db2a0936f7567d672bf07e50c,0x4ebf3d4a66b3d8a8d393aafa9f6d36d30edabc14,13000000000000000,21000,205674979689,0,1,0x,,10267995,21000,1877882,0x,,0.013,received,0x4ebf3d4a66b3d8a8d393aafa9f6d36d30edabc14
56,14096633,1643405822,0xe7662dcce25ee9723ec00e03c47694cb84c68c18490be8f52d8490cf1376cadf,2,0xe9df630ff35141eae79a75ae8d43b90892377d1ee0eefd2790261b9cd004cf4d,45,0x4e915061580bfeaba04471867954e8be3d0df07d,0x4ebf3d4a66b3d8a8d393aafa9f6d36d30edabc14,105457482484875000,21000,183939825047,0,1,0x,,2222197,21000,1876488,0x,,0.105457482484875,received,0x4ebf3d4a66b3d8a8d393aafa9f6d36d30edabc14
57,14098116,1643425229,0x31ddc50ac283ffd5e2e3250143f0c6afbaa5804a91f24bfc3a9708040c054a04,13,0x9a247704b84223c9956f9ab707406658c22283c313eac1440967628c6ed06248,194,0x4ebf3d4a66b3d8a8d393aafa9f6d36d30edabc14,0x9797a7eab75a9e872838e2a5105059ddfd0568b9,129315482484875000,21000,102000000000,0,1,0x,,6460912,21000,1875005,0x,,0.129315482484875,sent,0x4ebf3d4a66b3d8a8d393aafa9f6d36d30edabc14
58,14099354,1643441540,0x5e5a0157fa17e900db503961449e77476f7168cd3213e3d2cdc2b6bbcb918f9b,10,0x31ad7759ab187a09aeb7d613bc9a862a6838497807bd8156ebadf58023674728,88,0x4f2d95381f6c00a44557a4b606c67cbb32413593,0x4ebf3d4a66b3d8a8d393aafa9f6d36d30edabc14,100000000000000000,21000,136085103456,0,1,0x,,8563960,21000,1873767,0x,,0.1,received,0x4ebf3d4a66b3d8a8d393aafa9f6d36d30edabc14
59,14102090,1643478475,0x59cb0b4d361d48723e41efbe754066ec5724358c93eccf40e41ab4846fd1e6f8,0,0x6102d3866472494c23edf2a0491c737cfa735448a6b723d4edef18ac9551d4cd,314,0x80c6000008d147fa178b2d3e12658464ab7274c2,0x4ebf3d4a66b3d8a8d393aafa9f6d36d30edabc14,10032004394370619,21000,98048302000,0,1,0x,,26224315,21000,1871031,0x,,0.010032004394370619,received,0x4ebf3d4a66b3d8a8d393aafa9f6d36d30edabc14
60,14102756,1643487193,0xcb6a5ad366cca518b7ee9d6c427523edd4ad25de5ffb9c2ebbe4fc40e971aa0a,1,0xcd5059a8071972c6e3044912cae26a36efe84a5e5c637d6d8f510671684f63d0,198,0x80c6000008d147fa178b2d3e12658464ab7274c2,0x4ebf3d4a66b3d8a8d393aafa9f6d36d30edabc14,50000000000000000,21000,83688128128,0,1,0x,,14789114,21000,1870365,0x,,0.05,received,0x4ebf3d4a66b3d8a8d393aafa9f6d36d30edabc14
61,14104563,1643511236,0x95836f74282c8634cfbb3696521d0c6e822aba354a0e0ec17345bf22c9677415,4684715,0xed5a054f3c5c51bbf1e54e432cf1fd19088850c630c82cc13dc6bb7b79dac773,19,0xddfabcdc4d8ffc6d5beaf154f18b778f892a0740,0x4ebf3d4a66b3d8a8d393aafa9f6d36d30edabc14,26160380000000000,21000,80997773258,0,1,0x,,729730,21000,1868558,0x,,0.02616038,received,0x4ebf3d4a66b3d8a8d393aafa9f6d36d30edabc14
62,14104725,1643513220,0xf3554363fba6e67564b716c6ec4d2c9cd071494e76a85155be71cf5278003c92,14,0x5224ccb282ecd5e95be6cb0939666201fa64b5a585305c3168acf674ea3c1ebf,349,0x4ebf3d4a66b3d8a8d393aafa9f6d36d30edabc14,0x9797a7eab75a9e872838e2a5105059ddfd0568b9,184827384394370619,21000,65000000000,0,1,0x,,24609523,21000,1868396,0x,,0.184827384394370619,sent,0x4ebf3d4a66b3d8a8d393aafa9f6d36d30edabc14
63,14104887,1643515444,0x947089cd564b6e5c38fe94f9c92d232c36c1c8e1955720a3e349738ccc7dd508,6006656,0xdb2f695b37368263a2db35eee651398a7ac9d8160b647086816dfcea8ea6bbae,173,0x3cd751e6b0078be393132286c442345e5dc49699,0x4ebf3d4a66b3d8a8d393aafa9f6d36d30edabc14,15518700000000000,21000,95961636741,0,1,0x,,10762789,21000,1868234,0x,,0.0155187,received,0x4ebf3d4a66b3d8a8d393aafa9f6d36d30edabc14
64,14104952,1643516303,0x2ab98642074ef537b37f98432e08af5f99f74290efbbbe0491af74af11c411c3,3,0xd7995099812730c054fafd9ed041609b00db7308f5daf8c42e195877878e94ea,69,0x4e915061580bfeaba04471867954e8be3d0df07d,0x4ebf3d4a66b3d8a8d393aafa9f6d36d30edabc14,443643015987406000,21000,99821802520,0,1,0x,,7200042,21000,1868169,0x,,0.443643015987406,received,0x4ebf3d4a66b3d8a8d393aafa9f6d36d30edabc14
65,14111142,1643598569,0x4b9a1efd6b07f2220b5e6850974ea872004485bebd2b313ab271b872025c97ff,15,0xf942a10fe67804cee56cd599d200540f4adf973055bbc84dfb0e17b280facac6,170,0x4ebf3d4a66b3d8a8d393aafa9f6d36d30edabc14,0x9797a7eab75a9e872838e2a5105059ddfd0568b9,457250715987406000,21000,91000000000,0,1,0x,,10341384,21000,1861979,0x,,0.457250715987406,sent,0x4ebf3d4a66b3d8a8d393aafa9f6d36d30edabc14
66,14112556,1643617277,0x26c5426211d7c2524fb262bd329ed068753a5a8b6d0e28ce8d6f4c80c555fd72,7,0xefef5a8dd7954017ced4136e7db5251d3cba8f167ae8b42dae637587a1572b37,164,0xd380b0b5bc5a69f3e2f0381b9272b9357bb66279,0x4ebf3d4a66b3d8a8d393aafa9f6d36d30edabc14,60000000000000000,21000,56220681017,0,1,0x,,17336925,21000,1860565,0x,,0.06,received,0x4ebf3d4a66b3d8a8d393aafa9f6d36d30edabc14
67,14113592,1643631355,0xddcc21dc0de24f1b107e918e2ee752d5062a1e1aff11e02ab965d4e0b8a8d63b,10,0xb8cd5ea0aa40d5444d64cd392f54bdb3cf51266792b5d98030fa421ef6a512d0,218,0x9db86dc76cdc34b130ed7b02385e8f4b1b83f859,0x4ebf3d4a66b3d8a8d393aafa9f6d36d30edabc14,50000000000000000,21000,66380299259,0,1,0x,,14042534,21000,1859529,0x,,0.05,received,0x4ebf3d4a66b3d8a8d393aafa9f6d36d30edabc14
68,14113648,1643632119,0x3cd44fd00bb43057c0180b1cbf6052a90d8ca4738be810870e96172689468d23,11,0xf43e700404f268db26258ddabee1bdc1bb7f14eecdb80366cfa233574057c337,126,0x9db86dc76cdc34b130ed7b02385e8f4b1b83f859,0x4ebf3d4a66b3d8a8d393aafa9f6d36d30edabc14,20000000000000000,21000,72242204178,0,1,0x,,7726713,21000,1859473,0x,,0.02,received,0x4ebf3d4a66b3d8a8d393aafa9f6d36d30edabc14
69,14113806,1643634026,0x788054a61cc82502102245eeeb5a867969a66d7e1bcfbf7f84c5fd53d2818c82,12,0x735c86ad927f512bcf6ba65c43e44b7ca4e90ab3508962b6f0734fdf09ca3cef,178,0x9db86dc76cdc34b130ed7b02385e8f4b1b83f859,0x4ebf3d4a66b3d8a8d393aafa9f6d36d30edabc14,80000000000000000,21000,60558664610,0,1,0x,,10302396,21000,1859315,0x,,0.08,received,0x4ebf3d4a66b3d8a8d393aafa9f6d36d30edabc14
70,14117594,1643684477,0x3e08b3f9405f5c77c0c7b96d7da49907443ee5203d33026779c2a48fdb223730,16,0xc3e18769afff40f7c57657a42cf23f60c5513e4e8fee33592d44e56160c928a3,85,0x4ebf3d4a66b3d8a8d393aafa9f6d36d30edabc14,0x9797a7eab75a9e872838e2a5105059ddfd0568b9,207459000000000000,21000,121000000000,0,1,0x,,5690915,21000,1855527,0x,,0.207459,sent,0x4ebf3d4a66b3d8a8d393aafa9f6d36d30edabc14
71,14122628,1643751848,0xb93a01b2f2de627cc65847217be8a87ad4e81d5677fb4578dfe6d1ac9140956f,4,0xadf3b21ea323d2fc847f1ba574f773f173ad1ef968962c1d52b87ba4bf05e87f,295,0x4e915061580bfeaba04471867954e8be3d0df07d,0x4ebf3d4a66b3d8a8d393aafa9f6d36d30edabc14,145319418282909000,21000,171432287365,0,1,0x,,23792863,21000,1850493,0x,,0.145319418282909,received,0x4ebf3d4a66b3d8a8d393aafa9f6d36d30edabc14
72,14124079,1643770839,0xa583b2b7e9618a1b8b1ce1a8ac21fc7d2fec09e459adb66b8501b5ebb0672f87,17,0xdc261e7408dbac1e19d560f408ec4b1cf38394966bf5264b1ee4489e4959716d,75,0x4ebf3d4a66b3d8a8d393aafa9f6d36d30edabc14,0x9797a7eab75a9e872838e2a5105059ddfd0568b9,142589418282909000,21000,130000000000,0,1,0x,,3783634,21000,1849042,0x,,0.142589418282909,sent,0x4ebf3d4a66b3d8a8d393aafa9f6d36d30edabc14
73,14129610,1643845012,0x91e3f46e9e89786c86cb00a7a1e824826db75d1e0d4f6033133decec342e8ef4,5,0x90c9fd4a0fbe1176ba06200266e01bafae8648d767cb6d600c4bfdec3a16e6cf,273,0x4e915061580bfeaba04471867954e8be3d0df07d,0x4ebf3d4a66b3d8a8d393aafa9f6d36d30edabc14,471764437390650000,21000,149259253898,0,1,0x,,19801422,21000,1843511,0x,,0.47176443739065,received,0x4ebf3d4a66b3d8a8d393aafa9f6d36d30edabc14
74,14130489,1643857192,0x383be737df39d093dd95dbb8b23a58f0d084536ea9cbbf5a9d8c71072720d6fd,18,0x0ca4ee8b324b232e4b5b3e28f0c09ab5c7f7b20363b88931c721a8add19f5259,553,0x4ebf3d4a66b3d8a8d393aafa9f6d36d30edabc14,0x9797a7eab75a9e872838e2a5105059ddfd0568b9,468845437390650000,21000,139000000000,0,1,0x,,27875244,21000,1842632,0x,,0.46884543739065,sent,0x4ebf3d4a66b3d8a8d393aafa9f6d36d30edabc14
75,14133270,1643894653,0x3255825e00dfd0b22dab8a0c274abc90c84c1835f3858e7c3b71eeebbd294f20,6,0xb5b0b5f58cd48ef147c44ceafc5e4e59ab5556e27cbc731b917d151431cad5a2,113,0x4e915061580bfeaba04471867954e8be3d0df07d,0x4ebf3d4a66b3d8a8d393aafa9f6d36d30edabc14,305670000000000000,21000,68563168770,0,1,0x,,6374024,21000,1839851,0x,,0.30567,received,0x4ebf3d4a66b3d8a8d393aafa9f6d36d30edabc14
76,14133521,1643898034,0x4256cbbc42a81d271d2b572c2df1b8c4eddc86f56a73d7e28ed8dcf7ff0fabdb,40,0xb71471d255abc819a5bd3e2b88eca133f62358f6146f5a1d99404e2b65616b7c,214,0x013ed32e3feecedc6433647c14729c86cd9c7ff5,0x4ebf3d4a66b3d8a8d393aafa9f6d36d30edabc14,30000000000000000,21000,70742658425,0,1,0x,,14893768,21000,1839600,0x,,0.03,received,0x4ebf3d4a66b3d8a8d393aafa9f6d36d30edabc14
77,14134353,1643909130,0xee21bb3549c8c5f4979bea1e319747dfd158e67fc94b6c7e0326be6b90d415da,2,0xfd66e8724333ca5f2b175ca25a4df84ca63937f5e8cd9e14fbfe4f95c5a34ad9,298,0x86eb4edb4f0be962b6eb180a4768a5522223e856,0x4ebf3d4a66b3d8a8d393aafa9f6d36d30edabc14,20000000000000000,21000,146233464267,0,1,0x,,24439560,21000,1838768,0x,,0.02,received,0x4ebf3d4a66b3d8a8d393aafa9f6d36d30edabc14
78,14134384,1643909602,0xe94d3e27fd0edff69f8296220a849fe9581d29ab55fea60d7302b36efd174348,3,0xdbff820f85f616a0e59185c8d9c1da6d0bf4ce72daddc7772493a77b7f1af1a3,51,0x86eb4edb4f0be962b6eb180a4768a5522223e856,0x4ebf3d4a66b3d8a8d393aafa9f6d36d30edabc14,80000000000000000,21000,140891006358,0,1,0x,,3238832,21000,1838737,0x,,0.08,received,0x4ebf3d4a66b3d8a8d393aafa9f6d36d30edabc14
79,14134907,1643916232,0x217169a1a3286deb5983e936d4e0128ad7b2ea341df09799dc39ae0be14eb412,0,0x9c4c7448ebdc17885ba09be1aab4c23992b91dcc86344a4fcfcbe10a93e048a0,340,0x8503714c2cdbbbcc38238606f26bc6fab7217111,0x4ebf3d4a66b3d8a8d393aafa9f6d36d30edabc14,60000000000000000,21000,201115290580,0,1,0x,,29568017,21000,1838214,0x,,0.06,received,0x4ebf3d4a66b3d8a8d393aafa9f6d36d30edabc14
80,14135107,1643919021,0x6a5102aa1711c475ce0af04a05dcfee40be8f1bf870e61434bee27f2ad1a713c,1,0x68ab7bbbe5170a32501bd3633fe4499330a7a6aa061f43df95431825931c6e3d,57,0x8503714c2cdbbbcc38238606f26bc6fab7217111,0x4ebf3d4a66b3d8a8d393aafa9f6d36d30edabc14,95000000000000000,21000,179880632845,0,1,0x,,4130889,21000,1838014,0x,,0.095,received,0x4ebf3d4a66b3d8a8d393aafa9f6d36d30edabc14
81,14135187,1643920029,0x33b4e8bf157477d49c41186cc50a5862391ef789f009925c6e8dbd2cb0f23929,0,0x53b818b03932d8743baa70a16cbfd29a7011c011311c1f00043ecfa1e8d41c25,242,0x30fd4b0e655a5766c3d5f1806b5e3aaab3680529,0x4ebf3d4a66b3d8a8d393aafa9f6d36d30edabc14,20000000000000000,21000,169993386448,0,1,0x,,23290480,21000,1837934,0x,,0.02,received,0x4ebf3d4a66b3d8a8d393aafa9f6d36d30edabc14
82,14136952,1643943774,0x67c8379c1bddcf60033b970bd6621c1275d8ffcee9a64ea786469a5ed2e6a3d6,19,0x1f835479381e0bf91dc0dd212e20bf22ad73be762b2acf25eb21c254c8fa26ba,138,0x4ebf3d4a66b3d8a8d393aafa9f6d36d30edabc14,0x9797a7eab75a9e872838e2a5105059ddfd0568b9,608213000000000000,21000,117000000000,0,1,0x,,7318501,21000,1836169,0x,,0.608213,sent,0x4ebf3d4a66b3d8a8d393aafa9f6d36d30edabc14
83,14145989,1644063736,0xf99457d1759c85e474200194c9fdac8a87ea367974182915bbd8a670df56f605,3,0xba42bb3f3415d6fd4133fd60e82861609120a53dff8cddacf0e1264f968ce984,283,0xe3de9f5ef80b0865692c5badda9f2ed08a9d4ed1,0x4ebf3d4a66b3d8a8d393aafa9f6d36d30edabc14,10000000000000000,21000,67351760992,0,1,0x,,20525581,21000,1827132,0x,,0.01,received,0x4ebf3d4a66b3d8a8d393aafa9f6d36d30edabc14
84,14146012,1644064124,0x01f061b50d395d938722123f5666af828170f2eb36c83df4c72fb703f9e95fc5,4,0xed634c50ae6a9f06041199f0d54d811a156ac88fc980357f15daf00dc1c36038,112,0xe3de9f5ef80b0865692c5badda9f2ed08a9d4ed1,0x4ebf3d4a66b3d8a8d393aafa9f6d36d30edabc14,40000000000000000,21000,73224231979,0,1,0x,,5681146,21000,1827109,0x,,0.04,received,0x4ebf3d4a66b3d8a8d393aafa9f6d36d30edabc14
85,14146064,1644064748,0x1cf6902cda15dda928a1ba7893c6aef240ea2f0f7b03303e6bf53f16dd81e2c7,5,0x3bc8e31ac70a9bd345ddfd1ae36182d9782aed7689e29429dfb454adc0307198,59,0xe3de9f5ef80b0865692c5badda9f2ed08a9d4ed1,0x4ebf3d4a66b3d8a8d393aafa9f6d36d30edabc14,50000000000000000,21000,62759664875,0,1,0x,,3633209,21000,1827057,0x,,0.05,received,0x4ebf3d4a66b3d8a8d393aafa9f6d36d30edabc14
86,14146272,1644067809,0x8ddfd0658ac92e6da596811d748a5b7e98c6ca5aab95ee27b371ad9c5c1e3a3f,84,0xc316d0088b7656e5b970b88c00f62caeed4786433884737e4a9a4f23db8e4aed,236,0xb36b54b5428be4b22653b1648a552ada5fa7b1e9,0x4ebf3d4a66b3d8a8d393aafa9f6d36d30edabc14,60000000000000000,21000,87052539907,0,1,0x,,18258866,21000,1826849,0x,,0.06,received,0x4ebf3d4a66b3d8a8d393aafa9f6d36d30edabc14
87,14149949,1644116790,0x129bd66e19519ae1fc60c46571b6b7b7f4618c8ae8cac3557ebd6f1219471055,20,0xd2de0b3085daf06e2ef3f7a4eb92c65fe15abe1772eac78c3508da12fd32df38,143,0x4ebf3d4a66b3d8a8d393aafa9f6d36d30edabc14,0x9797a7eab75a9e872838e2a5105059ddfd0568b9,159118000000000000,21000,42000000000,0,1,0x,,8924554,21000,1823172,0x,,0.159118,sent,0x4ebf3d4a66b3d8a8d393aafa9f6d36d30edabc14
88,14160313,1644255269,0xda52bc66698b61bb285d570191e5253ccf14f0da23176f8800029663f466ad13,2,0x5d1169a74cd92ff2d059c942b4fb9e800313a2e2356c91419dda46d5e336cb01,444,0xd537d923789b6485e5da316c71aa359e220b9113,0x4ebf3d4a66b3d8a8d393aafa9f6d36d30edabc14,50000000000000000,21000,173317348626,0,1,0x,,29004344,21000,1812808,0x,,0.05,received,0x4ebf3d4a66b3d8a8d393aafa9f6d36d30edabc14
89,14162950,1644290138,0x8f85fb03754b30284c0de03881e6a8f9604523e78df3a448d7f69fe92c79f643,21,0xf99aff48ae4c06f246fd1e1aab05a32802a9688f932630261dbb495f901ffb87,352,0x4ebf3d4a66b3d8a8d393aafa9f6d36d30edabc14,0x9797a7eab75a9e872838e2a5105059ddfd0568b9,47858000000000000,21000,102000000000,0,1,0x,,14655096,21000,1810171,0x,,0.047858,sent,0x4ebf3d4a66b3d8a8d393aafa9f6d36d30edabc14
90,14165138,1644319334,0x729d94050e46bcc7bde263fc97d3b7354d44c42d73b74339554d7e3a1c115b49,4546988,0xa50766d2f0764ecd9cf28c73957593dc24c67110bd21335a4c882a10d4c24083,75,0xeb2629a2734e272bcc07bda959863f316f4bd4cf,0x4ebf3d4a66b3d8a8d393aafa9f6d36d30edabc14,40132150000000000,21000,62670688609,0,1,0x,,3404449,21000,1807983,0x,,0.04013215,received,0x4ebf3d4a66b3d8a8d393aafa9f6d36d30edabc14
91,14165211,1644320471,0x113c0a187a84b937cc0d497dd7bd000433f75392c594936e89f4f7b14b37839e,5770532,0x497555566688c03ab88292127b5f853291f5d7f18d484e314ff63c7878ca8bcb,362,0xb5d85cbf7cb3ee0d56b3bb207d5fc4b82f43f511,0x4ebf3d4a66b3d8a8d393aafa9f6d36d30edabc14,12560450000000000,21000,47412629947,0,1,0x,,22707602,21000,1807910,0x,,0.01256045,received,0x4ebf3d4a66b3d8a8d393aafa9f6d36d30edabc14
92,14166023,1644331205,0x7af4247ae7a6d5729933275ee5482e7adfd7edb2e40ca6e265637948ed962e61,7,0xb2b461ba2ed5ea1521d3d538b097c147d2bf4c31abfac4608b67cb4dcbe6ace8,104,0x4e915061580bfeaba04471867954e8be3d0df07d,0x4ebf3d4a66b3d8a8d393aafa9f6d36d30edabc14,1281564484258311133,21000,71880053446,0,1,0x,,9713486,21000,1807098,0x,,1.281564484258311133,received,0x4ebf3d4a66b3d8a8d393aafa9f6d36d30edabc14
93,14166211,1644333932,0xe2e60e0a05471c47513c5e9b5dcccf91af16140441ae64dd7dcb4d9050322ef8,268,0x1e1909f9ad2244a006a95ed29834363d1ebe9c091d38fe1cf1b2f189ebd0f621,252,0xe5f62cab3d29ae5ad6745824d28fa61d4873ff64,0x4ebf3d4a66b3d8a8d393aafa9f6d36d30edabc14,100000000000000000,21000,112260765166,0,1,0x,,24605462,21000,1806910,0x,,0.1,received,0x4ebf3d4a66b3d8a8d393aafa9f6d36d30edabc14
94,14167200,1644347087,0x5aaaa90194c08a2cc273193983731d22d79ccb3c1030ce2d29ab0ce582d63f41,9,0x5549a57cc8e5823bce35c83b8c5f7321587a2ef62ba2955d553d347ad8ecfafb,119,0xb840a2ff9f05b3c7857c98c6537dd5b09823374c,0x4ebf3d4a66b3d8a8d393aafa9f6d36d30edabc14,60000000000000000,21000,134635682893,0,1,0x,,10324160,21000,1805921,0x,,0.06,received,0x4ebf3d4a66b3d8a8d393aafa9f6d36d30edabc14
95,14167807,1644355471,0x63e728cba533e7d35f32234c5a44022bec0956977ee4420c3429cc76dc764e1e,10,0x8cd6aafac3d8b301424a11851216e5c117827017b7d48a159ce40fce21a360bb,3,0xb840a2ff9f05b3c7857c98c6537dd5b09823374c,0x4ebf3d4a66b3d8a8d393aafa9f6d36d30edabc14,82000000000000000,21000,112481291791,0,1,0x,,137585,21000,1805314,0x,,0.082,received,0x4ebf3d4a66b3d8a8d393aafa9f6d36d30edabc14
96,14168068,1644358782,0x3224c4d6a179960d1242d826b2600782e7009be071abddcbadb615751c2713a9,11,0x538dec9bd324e177678c4f58690639877c1446a33df6fc3cc9afffac57bee300,97,0xb840a2ff9f05b3c7857c98c6537dd5b09823374c,0x4ebf3d4a66b3d8a8d393aafa9f6d36d30edabc14,210000000000000000,21000,56706716125,0,1,0x,,14063218,21000,1805053,0x,,0.21,received,0x4ebf3d4a66b3d8a8d393aafa9f6d36d30edabc14
97,14168460,1644363989,0x5165d2fcc30dea69d4df4192083a00317af0f3f3fcf463fa573f3e861350404a,12,0x15e33f7e645d851a3b5cb8b3b41b921ccbc9094bd9e6e89764b85b8aced9cfe6,59,0xb840a2ff9f05b3c7857c98c6537dd5b09823374c,0x4ebf3d4a66b3d8a8d393aafa9f6d36d30edabc14,100000000000000000,21000,143656272323,0,1,0x,,3474609,21000,1804661,0x,,0.1,received,0x4ebf3d4a66b3d8a8d393aafa9f6d36d30edabc14
98,14169331,1644375628,0xfee2dfc39f54f4a399e8839117181bb83a421f3601639456b24faa4eb45a2d07,22,0xfd84533f19c82e537d35d5f4ff42383ab6726563b286c44eedc1cf3cec8aeb0c,172,0x4ebf3d4a66b3d8a8d393aafa9f6d36d30edabc14,0x9797a7eab75a9e872838e2a5105059ddfd0568b9,1885228084258311133,21000,49000000000,0,1,0x,,8504329,21000,1803790,0x,,1.885228084258311133,sent,0x4ebf3d4a66b3d8a8d393aafa9f6d36d30edabc14
99,14173184,1644427282,0x0faac80fb62bddb8357b3e9e29199effd877878e8d4c80386fac09cd42e76318,2,0x3750337535b5d75b347f08a63f84fd71964a23e19f10a1745abc266e07ce15d8,40,0x8503714c2cdbbbcc38238606f26bc6fab7217111,0x4ebf3d4a66b3d8a8d393aafa9f6d36d30edabc14,230000000000000000,21000,119720268657,0,1,0x,,2424412,21000,1799937,0x,,0.23,received,0x4ebf3d4a66b3d8a8d393aafa9f6d36d30edabc14
100,14173250,1644428165,0xc307763d230ac342d448f8ae6d8efc12a807acfed1ce8c13648c0a1eb3f4b847,3,0x472c70167e249ed0d67985e9d2dfd1f06aa8f4a2a5dee1a1446ef0f5117d3e3c,246,0x8503714c2cdbbbcc38238606f26bc6fab7217111,0x4ebf3d4a66b3d8a8d393aafa9f6d36d30edabc14,80000000000000000,21000,101460771365,0,1,0x,,15317193,21000,1799871,0x,,0.08,received,0x4ebf3d4a66b3d8a8d393aafa9f6d36d30edabc14
101,14174089,1644439346,0x284733f2c7830f44326980cd5249302019599c6a0cb38a1abf72f5d4ec1a3e33,7,0xc5a73aa0d1288914d60a65ea73b6dc5aeee1b471e78024c2f3bfa1928d4dffca,157,0xba9e56f8142258c386f7b3a13257d8d5f21b25de,0x4ebf3d4a66b3d8a8d393aafa9f6d36d30edabc14,50000000000000000,21000,119107657164,0,1,0x,,10996332,21000,1799032,0x,,0.05,received,0x4ebf3d4a66b3d8a8d393aafa9f6d36d30edabc14
102,14174182,1644440521,0x995c3dda00dc31dc46946b397ddaee9ec877c9730133e7666b3b66b1bc691212,8,0xfdc5c4448afbe3d25214ca0066af0b70700f66082fd400dd785bb67329c6f197,124,0xba9e56f8142258c386f7b3a13257d8d5f21b25de,0x4ebf3d4a66b3d8a8d393aafa9f6d36d30edabc14,100000000000000000,21000,123841684208,0,1,0x,,8677135,21000,1798939,0x,,0.1,received,0x4ebf3d4a66b3d8a8d393aafa9f6d36d30edabc14
103,14175849,1644462122,0x3577e6b5d77fdff02ee92a609a6edaf969a116615b1d92e00168520640f5fd92,23,0x859d050b65fd8ffe732fc737a04b1ff95b612ca295bd5eb559bf313fc720e647,58,0x4ebf3d4a66b3d8a8d393aafa9f6d36d30edabc14,0x9797a7eab75a9e872838e2a5105059ddfd0568b9,458467000000000000,21000,73000000000,0,1,0x,,4012365,21000,1797272,0x,,0.458467,sent,0x4ebf3d4a66b3d8a8d393aafa9f6d36d30edabc14
104,14175888,1644462645,0x8fba42c2136209a60cb04e91a0d46661b8145d6d8c21ee24ef61393baedff984,2,0x0f4e56a6f039197e181a1c0d8c6af30924f3da38aea79dd189b217b0e2bf80a7,174,0xfea5c444a3c5af6cfcb10676ae480e5e7bacff85,0x4ebf3d4a66b3d8a8d393aafa9f6d36d30edabc14,60000000000000000,21000,91107762579,0,1,0x,,12850147,21000,1797233,0x,,0.06,received,0x4ebf3d4a66b3d8a8d393aafa9f6d36d30edabc14
105,14175958,1644463717,0x5076d1a15ddeb65ab547aa60f2194fd8f21d127e7dae42b7a37ed713285b960e,3,0xcf23aa14390bab91b71123bfbb97008bd48b3b8d44e3e6901df2c09b503b8dd8,186,0xfea5c444a3c5af6cfcb10676ae480e5e7bacff85,0x4ebf3d4a66b3d8a8d393aafa9f6d36d30edabc14,60000000000000000,21000,127478936192,0,1,0x,,13227736,21000,1797163,0x,,0.06,received,0x4ebf3d4a66b3d8a8d393aafa9f6d36d30edabc14
106,14175995,1644464335,0xe10b74af295889adcd81ad267801262b56ac97594419ef83c565f968499ba9c9,7,0x0bb97dc6580a40fa254b5af56c266baa028d83325ef47dd753a0de25f5ab7629,37,0x65f34dbb08cc1b4319e10cddecec29da6f4615a9,0x4ebf3d4a66b3d8a8d393aafa9f6d36d30edabc14,60000000000000000,21000,104507128472,0,1,0x,,2450097,21000,1797126,0x,,0.06,received,0x4ebf3d4a66b3d8a8d393aafa9f6d36d30edabc14
107,14176059,1644465213,0xb692640975a198c5e4815d33d8a61c6fda645df59502a767d41ab780eb1b0134,28,0x6f933dc3ee81475adf2108df79a521d5dd8d75ec0d32df6bdee3ec9c2543a904,214,0xd4719604484b87935e3815077e642dff9c032903,0x4ebf3d4a66b3d8a8d393aafa9f6d36d30edabc14,5202326409236091,21000,84115484484,0,1,0x,,14884812,21000,1797062,0x,,0.005202326409236091,received,0x4ebf3d4a66b3d8a8d393aafa9f6d36d30edabc14
108,14176553,1644472083,0x98e3340b8d15277242f9ce35244e04243dde48dade9dbf6c9c0aafd99ea712a4,73,0xae0eb674eb4bcb1b4e95074b16ee6ac5abbc0796db175cc43732f8a38b007ed7,31,0x7eaddf262e3299cdcf29acefca588d57f75ef564,0x4ebf3d4a66b3d8a8d393aafa9f6d36d30edabc14,30000000000000000,21000,64024288053,0,1,0x,,2587402,21000,1796568,0x,,0.03,received,0x4ebf3d4a66b3d8a8d393aafa9f6d36d30edabc14
109,14179127,1644506627,0x618358d99147283f98e28ec2bd57a319d6cf6cd2306218207cc3c9fc810abb7c,4,0x9981e56dbe16454de9101890f0a54bf086de9928022538ab33eb1a58aae48fc3,404,0xfea5c444a3c5af6cfcb10676ae480e5e7bacff85,0x4ebf3d4a66b3d8a8d393aafa9f6d36d30edabc14,12300000000000000,21000,103973665144,0,1,0x,,27922610,21000,1793994,0x,,0.0123,received,0x4ebf3d4a66b3d8a8d393aafa9f6d36d30edabc14
110,14179361,1644510183,0x0f51356ea41aaa6efee8aba881a737db41f6be8c6b604b04112957267a926d77,5,0x9756d300bb09e040d0b667f1b88aa8e5489c63c1dd9b5b03282ea3a6dacfa0af,207,0xfea5c444a3c5af6cfcb10676ae480e5e7bacff85,0x4ebf3d4a66b3d8a8d393aafa9f6d36d30edabc14,120000000000000000,21000,119312965476,0,1,0x,,15116382,21000,1793760,0x,,0.12,received,0x4ebf3d4a66b3d8a8d393aafa9f6d36d30edabc14
111,14180312,1644522965,0xa54e0e8b41fe7285bbabdf410ef9c9cfbb26400723bef6d8218141bc28025e7b,0,0x3d227afe4ae89270d0999c82961c3671d9a8f1e49233ca366bcb1caab43839ad,184,0x0b24d3ff956e783ce6c83c4dad978bb7dd93cded,0x4ebf3d4a66b3d8a8d393aafa9f6d36d30edabc14,20000000000000000,21000,96787658737,0,1,0x,,15258032,21000,1792809,0x,,0.02,received,0x4ebf3d4a66b3d8a8d393aafa9f6d36d30edabc14
112,14180636,1644527205,0x8939b447c2d77f40605fcce8ea593f5e13f50045e62e5b49ed6bbf5dc6699206,6,0xa0c3bfc94fc31f260e38359c13ed20dd8c1850c254a60fdd2d6c3fa70422792c,389,0xfea5c444a3c5af6cfcb10676ae480e5e7bacff85,0x4ebf3d4a66b3d8a8d393aafa9f6d36d30edabc14,220000000000000000,21000,103192306322,0,1,0x,,26173481,21000,1792485,0x,,0.22,received,0x4ebf3d4a66b3d8a8d393aafa9f6d36d30edabc14
113,14180667,1644527553,0x89af0a8df40eeaf7cfc5837d14e2f9c5bd546dcf9387b26537c9a3d88975ab37,7,0xd4dbfb6a63401c4218149d406f9bc02f7d4ee4cd0d4581e99360532bdf2ddf25,253,0xfea5c444a3c5af6cfcb10676ae480e5e7bacff85,0x4ebf3d4a66b3d8a8d393aafa9f6d36d30edabc14,33000000000000000,21000,65843401296,0,1,0x,,27791372,21000,1792454,0x,,0.033,received,0x4ebf3d4a66b3d8a8d393aafa9f6d36d30edabc14
114,14181073,1644532724,0xa364332199a8cd7146f333b1cc46fd8fc56f7a3488e99828e1db53b6b13d3724,1,0x7721c549182db7df7d75b751f89a7da0b4587cf6f116023c515a1e23fdf83e95,81,0x0b24d3ff956e783ce6c83c4dad978bb7dd93cded,0x4ebf3d4a66b3d8a8d393aafa9f6d36d30edabc14,43000000000000000,21000,133399514215,0,1,0x,,7432848,21000,1792048,0x,,0.043,received,0x4ebf3d4a66b3d8a8d393aafa9f6d36d30edabc14
115,14181550,1644539358,0x8286cb495e0679cf710d6a4111234b1dd45275c0f92acc521d58dd9a4d8df8f6,1,0x1ec0445c413f9507eb0e44bc431e79ac0c4f422d4352c879cfbc61a8b009a9f6,239,0xdb2958dd981aa24355b8861259f95961463f3c7b,0x4ebf3d4a66b3d8a8d393aafa9f6d36d30edabc14,50000000000000000,21000,102544501213,0,1,0x,,21708468,21000,1791571,0x,,0.05,received,0x4ebf3d4a66b3d8a8d393aafa9f6d36d30edabc14
116,14182201,1644548423,0x636346cccbd3e908ac255d27b1ea75089d701540cb3dfb55895a50678651a07c,24,0x10248aa91eca21c15bb29520a15bc7a349b5d3123fcb02a627953840598fbd67,287,0x4ebf3d4a66b3d8a8d393aafa9f6d36d30edabc14,0x9797a7eab75a9e872838e2a5105059ddfd0568b9,712032326409236091,21000,70000000000,0,1,0x,,20933773,21000,1790920,0x,,0.712032326409236091,sent,0x4ebf3d4a66b3d8a8d393aafa9f6d36d30edabc14
117,14182836,1644556989,0xf498409101c26b5ac325812735e33ac6483888ac47411917ea7914a310d0fda6,0,0x0ed3227f34fe1d9c3cce5dbd9c3c31ac839a7ceed10ab2b1e79ba07b39be5b83,46,0xe25a5a4211c080439d63c396e59edbca0a015b23,0x4ebf3d4a66b3d8a8d393aafa9f6d36d30edabc14,50000000000000000,21000,69516586134,0,1,0x,,12496551,21000,1790285,0x,,0.05,received,0x4ebf3d4a66b3d8a8d393aafa9f6d36d30edabc14
118,14183033,1644559590,0x669fbddff592728337e070537a025d86f77f7cfd1e66039e0f56949ab093fff9,1,0xfa483e2e167359d0cfc6d054595912a3de1a0745ea3a21dc7fe6ff657bea887b,610,0xe25a5a4211c080439d63c396e59edbca0a015b23,0x4ebf3d4a66b3d8a8d393aafa9f6d36d30edabc14,50000000000000000,21000,52899198013,0,1,0x,,28776968,21000,1790088,0x,,0.05,received,0x4ebf3d4a66b3d8a8d393aafa9f6d36d30edabc14
119,14185627,1644594180,0xa764261d5b37618c74a8e6e758004e2218c27d7795069f26970d47652d5f8ff3,2,0xfbe7633d9119dd42097c419be68d4492ea3fb1fcee284af144e0525745683b67,188,0x0b24d3ff956e783ce6c83c4dad978bb7dd93cded,0x4ebf3d4a66b3d8a8d393aafa9f6d36d30edabc14,30000000000000000,21000,68818380319,0,1,0x,,9800490,21000,1787494,0x,,0.03,received,0x4ebf3d4a66b3d8a8d393aafa9f6d36d30edabc14
120,14186878,1644610781,0x47cc900aa53ab3c2e301238493cbc96384f0a8ed6ebb2ae54d00f463315298f5,9,0xd6351797ab28fee3d51c41e25cc11d7c0aaa284c78eb35c2b482784f01f47787,376,0xeed61878614473ce2f6ec680421a06c7ec6753dc,0x4ebf3d4a66b3d8a8d393aafa9f6d36d30edabc14,31000000000000000,21000,66267659483,0,1,0x,,27732071,21000,1786243,0x,,0.031,received,0x4ebf3d4a66b3d8a8d393aafa9f6d36d30edabc14
121,14186927,1644611276,0xa7f8a2f865e4c98fc055e171e8783fcd9d5eca4a9418c99b7c55077955bed665,11,0xd855bae37c54427a7e62a886c9973e9a52408752d8b137a15a0c9a6a8d2e2bd2,143,0xeed61878614473ce2f6ec680421a06c7ec6753dc,0x4ebf3d4a66b3d8a8d393aafa9f6d36d30edabc14,54000000000000000,21000,81078644422,0,1,0x,,9453433,21000,1786194,0x,,0.054,received,0x4ebf3d4a66b3d8a8d393aafa9f6d36d30edabc14
122,14188726,1644634797,0xf4e18663da2376c75c4fac5b31e124f37c2d71ae908c6f1ffda00ed059d9383a,25,0x9e5535b9787f22f3d5da7b2d8754b1d6e1715a63ba4328a0c93f468f13ddfaa2,180,0x4ebf3d4a66b3d8a8d393aafa9f6d36d30edabc14,0x9797a7eab75a9e872838e2a5105059ddfd0568b9,212627000000000000,21000,113000000000,0,1,0x,,10596553,21000,1784395,0x,,0.212627,sent,0x4ebf3d4a66b3d8a8d393aafa9f6d36d30edabc14
123,14189994,1644651936,0xdd5bdbfcd39eb379b1e80080a15a7f555127a33e3642249ca7b45f75019648c4,38,0x3e2fac9ca394d23c4f27c1b4d98241273e075c40efbbb872fcd1696523ef7245,286,0x9038599f8de0bbc7e576640e497d1fcb8476b9b1,0x4ebf3d4a66b3d8a8d393aafa9f6d36d30edabc14,25000000000000000,21000,43211933838,0,1,0x,,25372625,21000,1783127,0x,,0.025,received,0x4ebf3d4a66b3d8a8d393aafa9f6d36d30edabc14
124,14190177,1644654620,0xcdb542fc46039f6626db97ace3eb5e169115fb8c5b16f389f5530a91c33ccb29,0,0x01b35179e6424e7dc48cc9dc849f61beec5ffc1e56d8ba7c8a3dee9020f1ff25,117,0xa00605ea04029b034a056b9931c878058609289b,0x4ebf3d4a66b3d8a8d393aafa9f6d36d30edabc14,20660722161621000,21000,48704328171,0,1,0x,,7767522,21000,1782944,0x,,0.020660722161621,received,0x4ebf3d4a66b3d8a8d393aafa9f6d36d30edabc14
125,14190347,1644657234,0xdc8275962b9d4116804144d9b25e3642d1d63a9ed03aefa2ca5a499ed73e8921,16,0xf02ba9c27c4ae4288c5dec28ff63486445dbefbe99f892322f3296c225aca400,360,0x83d61e2f9a7d927c829c4b985af271f3ebff7afb,0x4ebf3d4a66b3d8a8d393aafa9f6d36d30edabc14,30000000000000000,21000,40014854048,0,1,0x,,28121291,21000,1782774,0x,,0.03,received,0x4ebf3d4a66b3d8a8d393aafa9f6d36d30edabc14
126,14194021,1644705371,0x75e068ad62d4c8a9f89521bfe6f9b1e0c963c7c2d70a736d198d4e699d269408,2,0xd5e270b3c36c833ae4f4b6b263d057dc8ee3c5f4a5757bb64a50749a5e705ea2,169,0x148be7101d8965f13cee6456ef89f0b491bbf059,0x4ebf3d4a66b3d8a8d393aafa9f6d36d30edabc14,15246425475614615,21000,57977206613,0,1,0x,,16279528,21000,1779100,0x,,0.015246425475614615,received,0x4ebf3d4a66b3d8a8d393aafa9f6d36d30edabc14
127,14195228,1644721611,0xec9ddd900585bdba2293ed12ce905e5567e87fa42f0819dad546fdb149a29b8c,26,0xf70995feed41042b7e8e3a0e90cd9223c9fe760ab760ee852bf87659904a974a,121,0x4ebf3d4a66b3d8a8d393aafa9f6d36d30edabc14,0x9797a7eab75a9e872838e2a5105059ddfd0568b9,89521147637235615,21000,66000000000,0,1,0x,,8698522,21000,1777893,0x,,0.089521147637235615,sent,0x4ebf3d4a66b3d8a8d393aafa9f6d36d30edabc14
128,14204729,1644847942,0x6d4863a1576ad3985ebd9f91ead2cc14dfe6bf0809e2ef25a7c36b0e1611d7a6,35,0xddcfea6b9d55dbd82ef3d2c1caeaa17838902b3a5fc33a2cdc551ac37e6faf75,351,0xbb430747ee76bff988e963b09c93d56b8ec4289a,0x4ebf3d4a66b3d8a8d393aafa9f6d36d30edabc14,75000000000000000,21000,78777247392,0,1,0x,,27928791,21000,1768392,0x,,0.075,received,0x4ebf3d4a66b3d8a8d393aafa9f6d36d30edabc14
129,14208164,1644894021,0x789b3eb0fbe430575b73b71f189257556a3de29c75fcb25f81f87a56d9ada7d7,27,0x0b49dfff01317c80cf95bc16df381d9043f705f7b4114d1be5fdd3479aed3738,244,0x4ebf3d4a66b3d8a8d393aafa9f6d36d30edabc14,0x9797a7eab75a9e872838e2a5105059ddfd0568b9,74034000000000000,21000,46000000000,0,1,0x,,13908346,21000,1764957,0x,,0.074034,sent,0x4ebf3d4a66b3d8a8d393aafa9f6d36d30edabc14
130,14209857,1644916846,0xfacb3ee41bf19451e2db74f12e3f82d4d0cf36ca97cffa869592ab98e338028c,7,0x0c8ee32df22e4467d6f9625fa13dbaad89198275e4c58b68d9b72020b7b73063,377,0x9441c887673f99b7f6af15f5813f82af8c206fc8,0x4ebf3d4a66b3d8a8d393aafa9f6d36d30edabc14,61483637790011085,21000,47945366130,0,1,0x,,24991611,21000,1763264,0x,,0.061483637790011085,received,0x4ebf3d4a66b3d8a8d393aafa9f6d36d30edabc14
131,14211370,1644937398,0x5b4cf1dea34399b740d6a740e51470742d9f9d3b659f29d9513b9c57460ba5c7,0,0x0413e269891f558407d23c7bf431e63499968234e3fa353000bd82a22ef22c47,309,0x11ecf21d9c78421b834d334dc34cb89a8cf26589,0x4ebf3d4a66b3d8a8d393aafa9f6d36d30edabc14,50000000000000000,21000,50641596007,0,1,0x,,29507975,21000,1761751,0x,,0.05,received,0x4ebf3d4a66b3d8a8d393aafa9f6d36d30edabc14
132,14211812,1644942962,0x0f684e9e60a31a3234e421ecbf9eb642383ccb4eeca336c57da95867382148f1,21,0x4fa1d1f2d38ad898c61fe2f2f7a7c28a70450ee840186586b156228d22fcf9f5,95,0xb437278c2e5861770b47bcbbdb6b7999c6c877b1,0x4ebf3d4a66b3d8a8d393aafa9f6d36d30edabc14,50030000000000000,21000,51302666981,0,1,0x,,8200199,21000,1761309,0x,,0.05003,received,0x4ebf3d4a66b3d8a8d393aafa9f6d36d30edabc14
133,14214649,1644980443,0xf65a6a1a2035531e2e7db08e6af31d0795bd718f6854d8e219ff18db64a38e6d,28,0x676a225425548066b58c40ee5f9e7c8adf1eea5e402ce3735eadeba6ad97d571,79,0x4ebf3d4a66b3d8a8d393aafa9f6d36d30edabc14,0x9797a7eab75a9e872838e2a5105059ddfd0568b9,160337637790011085,21000,56000000000,0,1,0x,,3309752,21000,1758472,0x,,0.160337637790011085,sent,0x4ebf3d4a66b3d8a8d393aafa9f6d36d30edabc14
134,14216559,1645006945,0xb72f139f1312a4fa6e66ad84aa7702924bdf17d53dc8defe2aa82e9eae391a32,5,0x5399661ba2add96fe5c246763345fa6690321e3b595926a172024db7bb8eaa9a,60,0x70c20b6b5e13d705b6dc3e355a1dcbfa0e596c03,0x4ebf3d4a66b3d8a8d393aafa9f6d36d30edabc14,11212766332787672,21000,47591592314,0,1,0x,,3268238,21000,1756562,0x,,0.011212766332787672,received,0x4ebf3d4a66b3d8a8d393aafa9f6d36d30edabc14
135,14217048,1645013499,0x7ed5752aa7e96f76677a48fe42fab8a281a8a016f1f0319e6ac74d84945e60d4,12,0x6f1c446ebd06d852fbd96d97cad288ed5f81d496e8f9f7dd8d1cc9907bd13334,216,0x84f60508062f7b0f2ddeea5fbae3a5322886ddf4,0x4ebf3d4a66b3d8a8d393aafa9f6d36d30edabc14,19113819610141792,21000,36383961066,0,1,0x,,20286763,21000,1756073,0x,,0.019113819610141792,received,0x4ebf3d4a66b3d8a8d393aafa9f6d36d30edabc14
136,14217334,1645017170,0xaaa7d1ef6062d93ef3861f5c84210b00bc83bb1727a05b6d9fdd6a8af784e569,13,0x495350c84d44c0cc4160643f7ae9bcfd5c674f372a027ebb08843203d2909ab9,115,0x84f60508062f7b0f2ddeea5fbae3a5322886ddf4,0x4ebf3d4a66b3d8a8d393aafa9f6d36d30edabc14,59000000000000000,21000,66303532887,0,1,0x,,9753581,21000,1755787,0x,,0.059,received,0x4ebf3d4a66b3d8a8d393aafa9f6d36d30edabc14
137,14217607,1645020773,0x708aca8fd8791631680808bab61c7e9f9aa5310d85df58e06f70295e5b9cfb35,5,0x8f2284b5b045601cb9c560d477a1b4df5cd54482c42fa4a796a1327aa029b21a,243,0xf237dba99bfbf1a6482a00ac1a6c995958bd50f1,0x4ebf3d4a66b3d8a8d393aafa9f6d36d30edabc14,30799207076650150,21000,66671722147,0,1,0x,,14801373,21000,1755514,0x,,0.03079920707665015,received,0x4ebf3d4a66b3d8a8d393aafa9f6d36d30edabc14
138,14217895,1645024688,0xae9cf660c1e44fb742b6327c64d77d88ffd65dae7f9288615a29e1e76ffb4b5d,6,0x0cbb85c730d662411384d798cb2e012cdbc4973cbbd0f7069cb0fcf0e708cb50,39,0xf237dba99bfbf1a6482a00ac1a6c995958bd50f1,0x4ebf3d4a66b3d8a8d393aafa9f6d36d30edabc14,15000000000000000,21000,59225528514,0,1,0x,,3708581,21000,1755226,0x,,0.015,received,0x4ebf3d4a66b3d8a8d393aafa9f6d36d30edabc14
139,14219691,1645048124,0x764b76968c4f24bfa5e7dd5fbe033ee5966f2bf0e90c319ef00db0f502c7f785,7,0x399ad1a8e5c585e19ddbbcd95e660009c1da4936a0053bb762207a3afed1321a,166,0x5548e942d3806e7ab18283c9eff4257598182cb1,0x4ebf3d4a66b3d8a8d393aafa9f6d36d30edabc14,26863725741239597,21000,62451860529,0,1,0x,,17508752,21000,1753430,0x,,0.026863725741239597,received,0x4ebf3d4a66b3d8a8d393aafa9f6d36d30edabc14
140,14221087,1645066843,0xc7031931415c6c01e089956e4ec32a7351c3fa74bab632b76963c1a2c6f7a6a7,29,0xe3099bc7e12e649135838b43625a3459194749cbda2284c9628d999c366ad686,126,0x4ebf3d4a66b3d8a8d393aafa9f6d36d30edabc14,0x9797a7eab75a9e872838e2a5105059ddfd0568b9,160435518760819211,21000,74000000000,0,1,0x,,5493348,21000,1752034,0x,,0.160435518760819211,sent,0x4ebf3d4a66b3d8a8d393aafa9f6d36d30edabc14
141,14224634,1645114603,0x6872439f0c7c6d07678565cca7301f53877dd9aabb9eecc5e3f31b99fe2012b2,15,0xe8a92d158a6f8c08d3fd048b4e7c3481ccc2ac676b900bb24c1e51503de36fb7,236,0xf592b1fdc1bfd030e8d4052d1ee6f1d6b7c0a2cb,0x4ebf3d4a66b3d8a8d393aafa9f6d36d30edabc14,50000000000000000,21000,57029159364,0,1,0x,,16738856,21000,1748487,0x,,0.05,received,0x4ebf3d4a66b3d8a8d393aafa9f6d36d30edabc14
142,14224664,1645114955,0x8cf783a055880360ef75a95f02dba85d9d18eb86a7eee332902a6c98ef710dd1,16,0x4704f50036f981c7357aa26f5f4288bbd522888e20b1f40f0d1048cca37455d9,68,0xf592b1fdc1bfd030e8d4052d1ee6f1d6b7c0a2cb,0x4ebf3d4a66b3d8a8d393aafa9f6d36d30edabc14,15000000000000000,21000,58405725633,0,1,0x,,6538692,21000,1748457,0x,,0.015,received,0x4ebf3d4a66b3d8a8d393aafa9f6d36d30edabc14
143,14224720,1645115665,0x185eadd6c7b8ffafc1d08cc175ee9b7fd57a04f18d70f2f75f32168b3451b2e0,7,0x43386b93474bb776e800ee84596662780ee0ffc1d39a7cb15236a05ea4ce1e62,77,0xfced125ec9caac9dd728ff1a56a9ee44861c8c24,0x4ebf3d4a66b3d8a8d393aafa9f6d36d30edabc14,25000000000000000,21000,49362265858,0,1,0x,,7687778,21000,1748401,0x,,0.025,received,0x4ebf3d4a66b3d8a8d393aafa9f6d36d30edabc14
144,14224747,1645115951,0x31975eef4105a54130739627caedb0faa5ab8a667331b8109d2a7114daa9b3cd,0,0x6b662aad9ca98b01bd4ebe66ce9e83cfed2eeb7f4b273fc990db0ebe7494b3ad,265,0x189ceb8e0c94449ab9c6a4fe2db52b80d66c5769,0x4ebf3d4a66b3d8a8d393aafa9f6d36d30edabc14,50225967961083000,21000,49976530119,0,1,0x,,23582431,21000,1748374,0x,,0.050225967961083,received,0x4ebf3d4a66b3d8a8d393aafa9f6d36d30edabc14
145,14224874,1645117578,0x0e1ee4219581fa3306d29f4e9af884a408d287f506346942be91b292d2a7e2b4,1,0x6b22949f5895cc2ff4c0338897182741b80f771ebbf9083744a55a3de498d67f,38,0x189ceb8e0c94449ab9c6a4fe2db52b80d66c5769,0x4ebf3d4a66b3d8a8d393aafa9f6d36d30edabc14,15145215458400000,21000,82483892868,0,1,0x,,2965336,21000,1748247,0x,,0.0151452154584,received,0x4ebf3d4a66b3d8a8d393aafa9f6d36d30edabc14
146,14225107,1645120433,0x85ade944255a87c00f6629048573a6a4fc1455208951939946d885f62ae0fe22,1,0x8dd57bcfcf474bc55d84f1c771feae86b32df84ddcf84a543f6bf84f711f6cbb,9,0xb8ceca5efcd6d9061fd0ac841b80d92c08ce5ef0,0x4ebf3d4a66b3d8a8d393aafa9f6d36d30edabc14,10000000000000000,21000,74405411866,0,1,0x,,588744,21000,1748014,0x,,0.01,received,0x4ebf3d4a66b3d8a8d393aafa9f6d36d30edabc14
147,14225148,1645121057,0x31ac4819c5a0058dc9c68697e131c9d91bf05a54525ca3873cd3520764b5c693,2,0x9b1fdc2147b0287b2b1019a6d991421a64b6d2f8fcbcd64b53cd3468f14fe194,26,0xb8ceca5efcd6d9061fd0ac841b80d92c08ce5ef0,0x4ebf3d4a66b3d8a8d393aafa9f6d36d30edabc14,40000000000000000,21000,115136445353,0,1,0x,,796612,21000,1747973,0x,,0.04,received,0x4ebf3d4a66b3d8a8d393aafa9f6d36d30edabc14
148,14225448,1645124896,0x28b655ea4be32eefb15df9b4485dc0c5209be3963f1b46ae3dfbcc578831ab99,3,0x84116c045d9b03287a290b58a99cf9c6eb06cb9ec004b9a6779163c1b0503e4c,73,0xb8ceca5efcd6d9061fd0ac841b80d92c08ce5ef0,0x4ebf3d4a66b3d8a8d393aafa9f6d36d30edabc14,73000000000000000,21000,100316238858,0,1,0x,,3581063,21000,1747673,0x,,0.073,received,0x4ebf3d4a66b3d8a8d393aafa9f6d36d30edabc14
149,14225543,1645126220,0xb88693d50187f117296760cef37a2badd819afbfb1b1d9e7aa56add33d2d1ba0,4,0x8ffc98625e37c09dbc81bfff1387fac34095b9850f023b8873272560dc09aaf9,184,0xb8ceca5efcd6d9061fd0ac841b80d92c08ce5ef0,0x4ebf3d4a66b3d8a8d393aafa9f6d36d30edabc14,30000000000000000,21000,92010382066,0,1,0x,,9516421,21000,1747578,0x,,0.03,received,0x4ebf3d4a66b3d8a8d393aafa9f6d36d30edabc14
150,14227554,1645153367,0x90a4f221cb638c830e544ba10ad38b50e3155c2acb7e007e0174fa64181fc54b,30,0xbacb05ff5202222e1b37a0da59cf8d076f93c24f704005a4da1779d95b782ef3,63,0x4ebf3d4a66b3d8a8d393aafa9f6d36d30edabc14,0x9797a7eab75a9e872838e2a5105059ddfd0568b9,307048183419483000,21000,63000000000,0,1,0x,,2430188,21000,1745567,0x,,0.307048183419483,sent,0x4ebf3d4a66b3d8a8d393aafa9f6d36d30edabc14
151,14232642,1645222184,0xae2a9393f0bfd0bb095b92e302999e2fd7d684c3d1317fada85d9137735fccfb,0,0x0cc5c739e7a66051f09a01f49b79ebbec803edc24e158ad8cc5b35d6f147ae5e,61,0xcfa9f09c884a54fa4cc798a2c37cb1e9efcce238,0x4ebf3d4a66b3d8a8d393aafa9f6d36d30edabc14,57404091995193899,21000,131557238284,0,1,0x,,5892461,21000,1740479,0x,,0.057404091995193899,received,0x4ebf3d4a66b3d8a8d393aafa9f6d36d30edabc14
152,14232966,1645226303,0xda1825f23fe37f26895cf92476f3607839e027efb5524196620ccaa3aaf7408d,18,0xd174b282a5316ffdbe10086e17a66b1e2bbca33b327c110f9cd9650c902716da,114,0xda8f046815a85b5431f509e4156a8444264405a1,0x4ebf3d4a66b3d8a8d393aafa9f6d36d30edabc14,50000000000000000,21000,75349796534,0,1,0x,,6206185,21000,1740155,0x,,0.05,received,0x4ebf3d4a66b3d8a8d393aafa9f6d36d30edabc14
153,14233096,1645227959,0xcf00cd602d100317895c41c7f1719cc91a6819aa7fc858fc15d099b7216e22f8,19,0x44da17e57574c2d9c60415ec19f64fb25df2a6e9a8ae0ea659c279e738a9281e,36,0xda8f046815a85b5431f509e4156a8444264405a1,0x4ebf3d4a66b3d8a8d393aafa9f6d36d30edabc14,70000000000000000,21000,75084018344,0,1,0x,,1636190,21000,1740025,0x,,0.07,received,0x4ebf3d4a66b3d8a8d393aafa9f6d36d30edabc14
154,14233211,1645229395,0x650af42a97bca2de96dbeb6d4366c0ee7ee22f16f531e757b0f480791b00cda3,1,0xeb2f7ace275df223f86007c3d7af15c542e9525148ac78fdf1f9a83ea9913578,16,0xcfa9f09c884a54fa4cc798a2c37cb1e9efcce238,0x4ebf3d4a66b3d8a8d393aafa9f6d36d30edabc14,75742602853036101,21000,100290626086,0,1,0x,,1785732,21000,1739910,0x,,0.075742602853036101,received,0x4ebf3d4a66b3d8a8d393aafa9f6d36d30edabc14
155,14234010,1645239675,0x8d83c04f0c8066a315ced27834ea359b366812ac388e2d51d2f35688c147efd3,31,0xf23dae1498bdfe03bd6e0788b1aaab509ad583665fea2d7f58bfc7265360593f,31,0x4ebf3d4a66b3d8a8d393aafa9f6d36d30edabc14,0x9797a7eab75a9e872838e2a5105059ddfd0568b9,252033694848230000,21000,53000000000,0,1,0x,,891156,21000,1739111,0x,,0.25203369484823,sent,0x4ebf3d4a66b3d8a8d393aafa9f6d36d30edabc14
156,14241240,1645337175,0x910605e17c11bb51b20e52c420b94623d2784fcbc3e1c9906c3aa41222134915,5,0x42d280b93cc0451cbbb6be745b49089fc118e20549a7f4cb04b0ab37fc77ee44,278,0xf89a9b7cd86420e914a17217c3c2e67136126f2c,0x4ebf3d4a66b3d8a8d393aafa9f6d36d30edabc14,30000000000000000,21000,83225744972,0,1,0x,,16655782,21000,1731881,0x,,0.03,received,0x4ebf3d4a66b3d8a8d393aafa9f6d36d30edabc14
157,14241292,1645337860,0xbef538e80650ac2c5e39c8b8f24c4f9f401b819bd9eadfbcdda7901a3c4bea89,6,0xa33778f6a864fbea7f534db4d5d52aa8a112706f4e95d7b5eba35a0c8dae76ac,213,0xf89a9b7cd86420e914a17217c3c2e67136126f2c,0x4ebf3d4a66b3d8a8d393aafa9f6d36d30edabc14,25000000000000000,21000,60271787677,0,1,0x,,16236041,21000,1731829,0x,,0.025,received,0x4ebf3d4a66b3d8a8d393aafa9f6d36d30edabc14
158,14241529,1645341103,0x8fae0ccc5d079173ba9fdd297cb2cc7ff3c8851a51e0d9ff2fb78681abb89d0e,7,0x8a673efefba234b61125b081f38b90e2df4851ae21d2dfed41bc23ec0adbf77f,192,0xf89a9b7cd86420e914a17217c3c2e67136126f2c,0x4ebf3d4a66b3d8a8d393aafa9f6d36d30edabc14,10000000000000000,21000,39663873481,0,1,0x,,21612547,21000,1731592,0x,,0.01,received,0x4ebf3d4a66b3d8a8d393aafa9f6d36d30edabc14
159,14246948,1645412959,0x09291e4f44fcd94df232dd91907852ce2ecc967f35a457bfbe39fe086effbad6,32,0xb5ee2a18c5ce7458708d68dcc6c3d31ee71b14b64f80202402645cdcfdc136e9,109,0x4ebf3d4a66b3d8a8d393aafa9f6d36d30edabc14,0x9797a7eab75a9e872838e2a5105059ddfd0568b9,64076000000000000,21000,44000000000,0,1,0x,,7352540,21000,1726173,0x,,0.064076,sent,0x4ebf3d4a66b3d8a8d393aafa9f6d36d30edabc14
160,14254980,1645521348,0x00575078482e1a1b8b109a34c580dd5aadcdc24560639829a9b004c1da477e83,7,0x4113509d05eb3345004c64c92435205957a6b8baf2a792693daa028cdecbf27b,296,0x485bad4f21027c11f3dff5379fb0d42f5ee8418e,0x4ebf3d4a66b3d8a8d393aafa9f6d36d30edabc14,50000000000000000,21000,54863911309,0,1,0x,,28141599,21000,1718141,0x,,0.05,received,0x4ebf3d4a66b3d8a8d393aafa9f6d36d30edabc14
161,14255132,1645523317,0x6b4593775bacbb6f46768042bd3f69d28f34a6b255562079bc1fdf78633f4e58,8,0x9d14dd7ae09b30932bcade474094905fc66d029d28b3c3e719b36c135d99c48d,82,0x485bad4f21027c11f3dff5379fb0d42f5ee8418e,0x4ebf3d4a66b3d8a8d393aafa9f6d36d30edabc14,74000000000000000,21000,43768246757,0,1,0x,,6968178,21000,1717989,0x,,0.074,received,0x4ebf3d4a66b3d8a8d393aafa9f6d36d30edabc14
162,14256547,1645542175,0x366272ec88a65be84ffe15949e28b330dfbc33ac591c674f51a424cf44c823bf,17,0x26ec016f2a1e4dfb605a7be228f4b6622eeb0870e47466272fbebb4785a62963,130,0xf2baf443a368ec1c6835838a962ec5347870af7a,0x4ebf3d4a66b3d8a8d393aafa9f6d36d30edabc14,50000000000000000,21000,86964213994,0,1,0x,,10224204,21000,1716574,0x,,0.05,received,0x4ebf3d4a66b3d8a8d393aafa9f6d36d30edabc14
163,14259807,1645585242,0x00caa3348d926e6f0506d88aca4292928e38e7c1b0289c70815576e39bdbb48d,33,0x03b0e957c8068455e3f1eade288859d47fd3be44ab1af34767d65a671651a878,47,0x4ebf3d4a66b3d8a8d393aafa9f6d36d30edabc14,0x9797a7eab75a9e872838e2a5105059ddfd0568b9,172152000000000000,21000,88000000000,0,1,0x,,2157882,21000,1713314,0x,,0.172152,sent,0x4ebf3d4a66b3d8a8d393aafa9f6d36d30edabc14
164,14261361,1645606319,0xe73c7a85232908c75f87821b2e6adec7268bcd6b9f90d898e0df343cda3563ad,4740333,0x1e7b023ff163b63585f065432078d3d653ecb77f2183dfbb002a4c32260f6120,157,0xeb2629a2734e272bcc07bda959863f316f4bd4cf,0x4ebf3d4a66b3d8a8d393aafa9f6d36d30edabc14,39989860000000000,21000,47139292400,0,1,0x,,10714524,21000,1711760,0x,,0.03998986,received,0x4ebf3d4a66b3d8a8d393aafa9f6d36d30edabc14
165,14267181,1645684348,0x27129858966a3a921da5fc90ec2559d381e8ac522787da01faec2ee5f6dae57d,34,0xb38ab81293b401149669cbdb95e492e352d9e60207275837f19ff9165b2dc2b6,275,0x4ebf3d4a66b3d8a8d393aafa9f6d36d30edabc14,0x9797a7eab75a9e872838e2a5105059ddfd0568b9,38120860000000000,21000,89000000000,0,1,0x,,11629481,21000,1705940,0x,,0.03812086,sent,0x4ebf3d4a66b3d8a8d393aafa9f6d36d30edabc14
166,14267968,1645694159,0x790789fbff2afe3dfe32bd4bae1e2d7d57ba33be8cf82f834c807437c8f63c35,5084995,0xaf212883b7595dbdc71409acdf4bd927602b8f0eb3ff01e8d413d38ce84d259c,88,0xddfabcdc4d8ffc6d5beaf154f18b778f892a0740,0x4ebf3d4a66b3d8a8d393aafa9f6d36d30edabc14,51100000000000000,21000,46885061950,0,1,0x,,6558426,21000,1705153,0x,,0.0511,received,0x4ebf3d4a66b3d8a8d393aafa9f6d36d30edabc14
167,14272743,1645758099,0x2bc337c90c38958914fd50c28cdbf8bf109d020a847f613dfd55a80d6da724da,35,0xab46f5330be4b7a632c3703c81cc120866861b1840b5a03fbf033c2d089ebde8,67,0x4ebf3d4a66b3d8a8d393aafa9f6d36d30edabc14,0x9797a7eab75a9e872838e2a5105059ddfd0568b9,50029000000000000,21000,51000000000,0,1,0x,,3433922,21000,1700378,0x,,0.050029,sent,0x4ebf3d4a66b3d8a8d393aafa9f6d36d30edabc14
168,14273307,1645765433,0x7859ae35a3d52a4957ca2b118b4b12a3648d8ab6bf4c6c2891bdb055757a3e3c,5098792,0xc8d45e1867b532cf4ad0a402456b3c76ee66c3cf9463c48709fafb153c0a6dac,13,0xddfabcdc4d8ffc6d5beaf154f18b778f892a0740,0x4ebf3d4a66b3d8a8d393aafa9f6d36d30edabc14,60076630000000000,21000,44990764137,0,1,0x,,1714449,21000,1699814,0x,,0.06007663,received,0x4ebf3d4a66b3d8a8d393aafa9f6d36d30edabc14
169,14279173,1645844460,0x53c9065bdc7ee64e8234f2d1cfcc80489c98ad5a4641b2f7f5ceecefaaf13f83,36,0x8a433232382b2719f487f4527bbc303f13ac6e52d7adff1bdb0de13ded8d61a8,108,0x4ebf3d4a66b3d8a8d393aafa9f6d36d30edabc14,0x9797a7eab75a9e872838e2a5105059ddfd0568b9,59089630000000000,21000,47000000000,0,1,0x,,6648255,21000,1693948,0x,,0.05908963,sent,0x4ebf3d4a66b3d8a8d393aafa9f6d36d30edabc14
170,14282346,1645887024,0x3f8187cadc713629cc95e39456d34a8161a748e6aabf004555d6d05bf8511f6c,21,0xfff0149aa466a181e6440b814e0b03d8c67ffc5a9212394ef2bbb48cd75c9b62,126,0x5e11aee8fb337f8088b1ab9e612493b1972907ec,0x4ebf3d4a66b3d8a8d393aafa9f6d36d30edabc14,60000000000000000,21000,45520745442,0,1,0x,,10177410,21000,1690775,0x,,0.06,received,0x4ebf3d4a66b3d8a8d393aafa9f6d36d30edabc14
171,14285702,1645930857,0xa0543ff89a90c0bd0efd4813be1827fa3405fa1b1771218dae33ddf3787e5953,37,0x2bad3387ba4be24595891f08e22e7d2796c2b1011cb7d3697010dc6d1af42805,73,0x4ebf3d4a66b3d8a8d393aafa9f6d36d30edabc14,0x9797a7eab75a9e872838e2a5105059ddfd0568b9,59370000000000000,21000,30000000000,0,1,0x,,2987365,21000,1687419,0x,,0.05937,sent,0x4ebf3d4a66b3d8a8d393aafa9f6d36d30edabc14
172,14291350,1646006600,0x32f92172302a5b564e83394664337be3e362ca67171093d71ef2315de9a740e7,0,0xba0fc679cbbc98e16f53c0bc033a5c602722fb1d46a0defb1d00f7e8dabb191d,338,0x782cf295b2d54e4db6f1ff224bc579297c2fc9d8,0x4ebf3d4a66b3d8a8d393aafa9f6d36d30edabc14,60040000000000000,21000,47929191749,0,1,0x,,28946876,21000,1681771,0x,,0.06004,received,0x4ebf3d4a66b3d8a8d393aafa9f6d36d30edabc14
173,14292075,1646017248,0x093306a6b7ac9ba32f6190fc19d280b83d4a6e67926b7460625b4a0ce7b16e3d,38,0x913822ba29098992c7effce614f99bf8fc99ba4e805df82272e4c097777bce3c,99,0x4ebf3d4a66b3d8a8d393aafa9f6d36d30edabc14,0x9797a7eab75a9e872838e2a5105059ddfd0568b9,58927000000000000,21000,53000000000,0,1,0x,,3996760,21000,1681046,0x,,0.058927,sent,0x4ebf3d4a66b3d8a8d393aafa9f6d36d30edabc14
174,14292570,1646023648,0xdc1de830da65ee3d2544516ce0c9b0c2b1e4f1c11df6044def0735b724700b7e,1,0x279b15190eb5c1af5f757ba25ec62d42f4167139840c4077f0c0e646ac8bd491,108,0x782cf295b2d54e4db6f1ff224bc579297c2fc9d8,0x4ebf3d4a66b3d8a8d393aafa9f6d36d30edabc14,94000000000000000,21000,50543885142,0,1,0x,,8661093,21000,1680551,0x,,0.094,received,0x4ebf3d4a66b3d8a8d393aafa9f6d36d30edabc14
175,14298559,1646103618,0xc579b4bd6f32c9698d53d545153c0897095f2b5d23fab3480d6ca43203323714,39,0x576a32be14c10116461d7263a21cb7bf5f8bd8bdf3966a8e446a21ec3ad84eaf,56,0x4ebf3d4a66b3d8a8d393aafa9f6d36d30edabc14,0x9797a7eab75a9e872838e2a5105059ddfd0568b9,91942000000000000,21000,98000000000,0,1,0x,,2680783,21000,1674562,0x,,0.091942,sent,0x4ebf3d4a66b3d8a8d393aafa9f6d36d30edabc14
176,14298758,1646106289,0x09662aa3fac4b0b0809773f78478ac4fe0417a030a2c79fb7944bde34177cbb2,2,0x4c54bff9da61f29c55810c60019a974025c78a3b92d18558fb65ffe8f55539ed,49,0x782cf295b2d54e4db6f1ff224bc579297c2fc9d8,0x4ebf3d4a66b3d8a8d393aafa9f6d36d30edabc14,110000000000000000,21000,58607953956,0,1,0x,,2530928,21000,1674363,0x,,0.11,received,0x4ebf3d4a66b3d8a8d393aafa9f6d36d30edabc14
177,14299129,1646111521,0x3359c78748dd6ed7770b5c189194886cc7903753ef78bedfe4a75cbb84d05e5a,144103,0xd22f6f12ccf3a01e2ae08424be54bb69a5a7bf7ff5282b227b4b7e6ae56af2ce,227,0x8d56f551b44a6da6072a9608d63d664ce67681a5,0x4ebf3d4a66b3d8a8d393aafa9f6d36d30edabc14,60000000000000000,50000,52614116290,0,1,0x,,27025602,21000,1673992,0x,,0.06,received,0x4ebf3d4a66b3d8a8d393aafa9f6d36d30edabc14
178,14299259,1646113290,0x1e7bc40a7715208ae2a7b84cae602b00654bef1e984c07f0ca08349deab630f0,4,0x855c160f3086a8a1b9b98ac2d918d9bdd884d1c48ffcc2b01647ab259a8e3e71,69,0xc8d0734af7996e9030421fd7c65d487340a46d95,0x4ebf3d4a66b3d8a8d393aafa9f6d36d30edabc14,60000000000000000,21000,60174160773,0,1,0x,,4925244,21000,1673862,0x,,0.06,received,0x4ebf3d4a66b3d8a8d393aafa9f6d36d30edabc14
179,14304558,1646183031,0xc5f6fe465e08db8ef56c7a591bb04d145599f7b1b5d62e45b173fb591597b7d5,0,0xe62a4c6ec2beaa1333c6028e3c2472bc5bb2f88336e59435a46a6d1512c6fc39,250,0x786dde5a56e7fe1ff44a8a486a2eac066576984e,0x4ebf3d4a66b3d8a8d393aafa9f6d36d30edabc14,30000000000000000,21000,38009249293,0,1,0x,,24990182,21000,1668563,0x,,0.03,received,0x4ebf3d4a66b3d8a8d393aafa9f6d36d30edabc14
180,14305047,1646190042,0x35b1e8c5aa076ba57caf2ad8f4e32e052cb187dd55b5559425b89e092218c26f,40,0x58781d995e799edbd5e790f3c3813439ee095b3d2a6532ac135477d01f6d71ab,44,0x4ebf3d4a66b3d8a8d393aafa9f6d36d30edabc14,0x9797a7eab75a9e872838e2a5105059ddfd0568b9,258908000000000000,21000,52000000000,0,1,0x,,2875063,21000,1668074,0x,,0.258908,sent,0x4ebf3d4a66b3d8a8d393aafa9f6d36d30edabc14
181,14316030,1646337073,0x0afd236a4b31cd8fd67dd2de1125a7a19e5389fa5c154454dddbbdc7580c69f0,1,0xc20a669766e58ff7103a9d0fee9e862737f5b84a53c9385abd328d3b69b75256,236,0xd7e4835a4d95de5406a8b38dca2ba17ca764a064,0x4ebf3d4a66b3d8a8d393aafa9f6d36d30edabc14,50000000000000000,21000,55637697339,0,1,0x,,19248238,21000,1657091,0x,,0.05,received,0x4ebf3d4a66b3d8a8d393aafa9f6d36d30edabc14
182,14317554,1646357947,0x027c81ef58531e668173d2acbe727ffc2f383093a741a076acfddb2a8944e4e3,6583073,0x7983cd282c34669b13d39c2ae536b500ffe9bce143a290f804527ab5862e3454,69,0x3cd751e6b0078be393132286c442345e5dc49699,0x4ebf3d4a66b3d8a8d393aafa9f6d36d30edabc14,10000000000000000,21000,45176661404,0,1,0x,,3384453,21000,1655567,0x,,0.01,received,0x4ebf3d4a66b3d8a8d393aafa9f6d36d30edabc14
183,14317620,1646358675,0x9be86bf9225e1e1c795c6e5837b9b96a6ba1a77fb381594315891e24b6e29e9c,6583232,0x38332c9960fe7d90fee682fb0a00dc42153bf121c939d895f21b150952d53714,202,0x3cd751e6b0078be393132286c442345e5dc49699,0x4ebf3d4a66b3d8a8d393aafa9f6d36d30edabc14,40000000000000000,21000,31259767373,0,1,0x,,13412923,21000,1655501,0x,,0.04,received,0x4ebf3d4a66b3d8a8d393aafa9f6d36d30edabc14
184,14317757,1646360648,0x93b67923d92e4c807c1305e9e16c91ffa82a4c99c53664f6573d72740528cdb1,6152163,0x8b6dea753755b43ecde88a772eaf1c9323bdb096dbef7bd9f659e1eeda6ca27e,65,0xb5d85cbf7cb3ee0d56b3bb207d5fc4b82f43f511,0x4ebf3d4a66b3d8a8d393aafa9f6d36d30edabc14,24000000000000000,21000,43072129814,0,1,0x,,9200137,21000,1655364,0x,,0.024,received,0x4ebf3d4a66b3d8a8d393aafa9f6d36d30edabc14
185,14317915,1646362836,0xbdf8d666279fcfc290c8d531d884b3652a374870499935342e433e8f23357ce2,41,0x7739520bea159d8fa038062241b6d490512be73fbcdb0ca7c15a5b3aa74b1dcb,216,0x4ebf3d4a66b3d8a8d393aafa9f6d36d30edabc14,0x9797a7eab75a9e872838e2a5105059ddfd0568b9,123076000000000000,21000,44000000000,0,1,0x,,11111960,21000,1655206,0x,,0.123076,sent,0x4ebf3d4a66b3d8a8d393aafa9f6d36d30edabc14
186,14317953,1646363334,0xe5f47a1ccf4e72fd7a4a6498f947232eaf270cdf2f92a27edecd7eb79e938a63,6152693,0xab83ec07cdb6376215df01f13996a2fa4e3f9d3381245527506336626ec480b5,51,0xb5d85cbf7cb3ee0d56b3bb207d5fc4b82f43f511,0x4ebf3d4a66b3d8a8d393aafa9f6d36d30edabc14,54384870000000000,21000,33268814666,0,1,0x,,2394849,21000,1655168,0x,,0.05438487,received,0x4ebf3d4a66b3d8a8d393aafa9f6d36d30edabc14
187,14318185,1646366581,0xf0bb6ed43a81e3ae9f412aff57ac793550328d2ae99481372422b9ae0925b5f0,4854442,0x9db0c12cf5d305b083fe8c2db02783267561e740c96d4015e83f06c49ff5a019,143,0xeb2629a2734e272bcc07bda959863f316f4bd4cf,0x4ebf3d4a66b3d8a8d393aafa9f6d36d30edabc14,36701150000000000,21000,59183391184,0,1,0x,,8100274,21000,1654936,0x,,0.03670115,received,0x4ebf3d4a66b3d8a8d393aafa9f6d36d30edabc14
188,14322088,1646417811,0x54dff68d8272459dae051b92b79d692a71df77d8862435b39a1e4a95806f6f72,1037522,0xea19896dc1e052b4589404c72f33c8b077062418ba0f94025e645a63fb6d7f52,157,0xf60c2ea62edbfe808163751dd0d8693dcb30019c,0x4ebf3d4a66b3d8a8d393aafa9f6d36d30edabc14,57280000000000000,207128,56179201830,0,1,0x,,13851510,21000,1651033,0x,,0.05728,received,0x4ebf3d4a66b3d8a8d393aafa9f6d36d30edabc14
189,14324376,1646449292,0xf9def0b83028fca3d413e23bc3e9a28e9cb47d656b2a8f67e18ee1f041ef880d,42,0x69e25cd7300c496e436f07912eecf36f2bfa8136ff6f3da6a0511ab948c43226,19,0x4ebf3d4a66b3d8a8d393aafa9f6d36d30edabc14,0x9797a7eab75a9e872838e2a5105059ddfd0568b9,147547020000000000,21000,39000000000,0,1,0x,,1968273,21000,1648745,0x,,0.14754702,sent,0x4ebf3d4a66b3d8a8d393aafa9f6d36d30edabc14
190,14348175,1646769641,0x42c83f16485c4dc4ae3ef9ea7ad20018e0d8330f0d571abef4c2490524f7e6b2,1,0x1ddd24fad87f5db6a60ef659f16619e6121bd6feb2958a55ed8f7cf30fa7c835,253,0xdbbd4fc895503a00caf4a73a3682c43b2ea07b22,0x4ebf3d4a66b3d8a8d393aafa9f6d36d30edabc14,30000000000000000,21000,33522214771,0,1,0x,,20865157,21000,1624946,0x,,0.03,received,0x4ebf3d4a66b3d8a8d393aafa9f6d36d30edabc14
191,14350067,1646794789,0x8789ae16587c3d866811c076b8c429af2025a16dcd002da6f9091f9564dd2f18,43,0xbda9103a7368126b0e275ee16f58b35574be8a390b7aef4acf2691be67444e75,309,0x4ebf3d4a66b3d8a8d393aafa9f6d36d30edabc14,0x9797a7eab75a9e872838e2a5105059ddfd0568b9,29076000000000000,21000,44000000000,0,1,0x,,17983029,21000,1623054,0x,,0.029076,sent,0x4ebf3d4a66b3d8a8d393aafa9f6d36d30edabc14
192,14353145,1646836470,0x9b7d4bc2b258f21b4e5df55d610dd51183452559648523782447d1cf0efd9614,0,0x49a56429a145e2fc841b4ef43e1972c759cbfdddd5f792a6b15b0eac49f79927,136,0x5d634a7e6cbb963a0f6c6c97f267b9811021ea05,0x4ebf3d4a66b3d8a8d393aafa9f6d36d30edabc14,20000000000000000,21000,36589144499,0,1,0x,,12658474,21000,1619976,0x,,0.02,received,0x4ebf3d4a66b3d8a8d393aafa9f6d36d30edabc14
193,14356619,1646882726,0x4dce534d82105a56972703ee74d6518cf58262e724a5de83c7269408c7d856c6,44,0x77edb2b92a4c50f624770a03010baf21647a7fce848a3af80be6b135a9b11cca,80,0x4ebf3d4a66b3d8a8d393aafa9f6d36d30edabc14,0x9797a7eab75a9e872838e2a5105059ddfd0568b9,19307000000000000,21000,33000000000,0,1,0x,,7016847,21000,1616502,0x,,0.019307,sent,0x4ebf3d4a66b3d8a8d393aafa9f6d36d30edabc14
194,14361554,1646947799,0xbfb7f5fd6aec8d51f5e296bd16a1d741560bb2c706c0dbcf545aefdb80496651,4,0x2968e46a6caaad1d8f0b099f3272dc9c82dd6f93808c8fa00a01a8c8b3cb5546,118,0xe9393ddd604eaa0fee8b5a38f7242088dae205b0,0x4ebf3d4a66b3d8a8d393aafa9f6d36d30edabc14,40000000000000000,21000,29716911379,0,1,0x,,8630191,21000,1611567,0x,,0.04,received,0x4ebf3d4a66b3d8a8d393aafa9f6d36d30edabc14
195,14361628,1646948803,0xb98188f7c32234a6684120a5192726800413b3b0887ae9b0e9710636c8e9153f,5,0x5f4e02c7252c3cf6479d0408b9cee305400655ad89284f83538190d1ae3b3c5b,126,0xe9393ddd604eaa0fee8b5a38f7242088dae205b0,0x4ebf3d4a66b3d8a8d393aafa9f6d36d30edabc14,40000000000000000,21000,30639160196,0,1,0x,,19850361,21000,1611493,0x,,0.04,received,0x4ebf3d4a66b3d8a8d393aafa9f6d36d30edabc14
196,14361802,1646951306,0x05f4fefcc548085ed6837af01ea560185c6d6fabe761aa9d042a33537aeac6ad,6,0x46b821937915e370dad87493f89ff331ab9ca17e66f30d14da52161b8caacdea,206,0xe9393ddd604eaa0fee8b5a38f7242088dae205b0,0x4ebf3d4a66b3d8a8d393aafa9f6d36d30edabc14,37000000000000000,21000,29515610121,0,1,0x,,16095954,21000,1611319,0x,,0.037,received,0x4ebf3d4a66b3d8a8d393aafa9f6d36d30edabc14
197,14363047,1646967657,0x3af56d397ad95e484757d2a08a7fc90e9324583048d855a851746c3a584f6512,45,0xd364c6c1fb1ac6540935238b5ccccd1b7eb1e19f399ddebab257488091983462,272,0x4ebf3d4a66b3d8a8d393aafa9f6d36d30edabc14,0x9797a7eab75a9e872838e2a5105059ddfd0568b9,116286000000000000,21000,34000000000,0,1,0x,,26304542,21000,1610074,0x,,0.116286,sent,0x4ebf3d4a66b3d8a8d393aafa9f6d36d30edabc14
198,14365736,1647004353,0x36f8a89bb3cb0970471730bba362a33549224875db3bdc9bf7089d67b41b624b,14,0x3fd1ad35781116569bf84201b58eebf877b6128515e1907945f80fd8fb7f1bee,59,0x4e915061580bfeaba04471867954e8be3d0df07d,0x4ebf3d4a66b3d8a8d393aafa9f6d36d30edabc14,1064272322906409000,21000,19336501558,0,1,0x,,6759795,21000,1607385,0x,,1.064272322906409,received,0x4ebf3d4a66b3d8a8d393aafa9f6d36d30edabc14
199,14368345,1647040102,0xa881c18f1f9f0edc4aa1b34791f0edea38eaad5f5b944de95256db13a535f3ff,6,0xec402ea7786c19800d35f4d412d4432cc77031b18fd756fca442b955af373c12,145,0x8436deb4513d0722d8af3b01e03bf27b9dc9638f,0x4ebf3d4a66b3d8a8d393aafa9f6d36d30edabc14,50000000000000000,21000,20792582290,0,1,0x,,14419211,21000,1604776,0x,,0.05,received,0x4ebf3d4a66b3d8a8d393aafa9f6d36d30edabc14
200,14368429,1647041364,0x90b2ace369d95fb0d5bd7a457b397f27d635a40cd907b688fdd1bf619075aafc,7,0x321bc4cfcf604f1f92d1d4de9d23300b2c677de7c50a62c343b1e0d464fb745d,289,0x8436deb4513d0722d8af3b01e03bf27b9dc9638f,0x4ebf3d4a66b3d8a8d393aafa9f6d36d30edabc14,7400000000000000,21000,50702169709,0,1,0x,,25765402,21000,1604692,0x,,0.0074,received,0x4ebf3d4a66b3d8a8d393aafa9f6d36d30edabc14
201,14369408,1647054047,0x7d4eb4f5bbe073ec2a0b6e583c444d7d35c2f736b8b602f3df7f5ed09f91a26b,46,0xf17f6be57badbac474fee652c5ee73f8de307cc00099b534dfd6fcb68085f9ca,161,0x4ebf3d4a66b3d8a8d393aafa9f6d36d30edabc14,0x9797a7eab75a9e872838e2a5105059ddfd0568b9,1121315322906409000,21000,17000000000,0,1,0x,,15204387,21000,1603713,0x,,1.121315322906409,sent,0x4ebf3d4a66b3d8a8d393aafa9f6d36d30edabc14
202,14370425,1647068340,0x6d2c1e7808ddb47feab5fd8d346e032564e1a9e2dfc36b7feb7599490e31176f,21215,0xe1a89274250455e67934696d871fa509a40610e6e9eb30f30ed904933f44419f,27,0x1c727a55ea3c11b0ab7d3a361fe0f3c47ce6de5d,0x4ebf3d4a66b3d8a8d393aafa9f6d36d30edabc14,30460000000000000,21000,16530241625,0,1,0x,,2547341,21000,1602696,0x,,0.03046,received,0x4ebf3d4a66b3d8a8d393aafa9f6d36d30edabc14
203,14370554,1647069747,0x18f34e085ed15bf6f19513b074de0effbe2b9d87ac34a1f24f8f22e0495e1605,21226,0xdecc89a811cdf666c8c1e38e4cd35f5dfa4d6f778698f7812d5a7129c19c74c6,139,0x1c727a55ea3c11b0ab7d3a361fe0f3c47ce6de5d,0x4ebf3d4a66b3d8a8d393aafa9f6d36d30edabc14,74460000000000000,21000,14090134640,0,1,0x,,11034105,21000,1602567,0x,,0.07446,received,0x4ebf3d4a66b3d8a8d393aafa9f6d36d30edabc14
204,14370636,1647070740,0xbfb1f381fe9d3eebaaf3cec585032aab6319711ab3632e9d4fddd87d13a7f346,21234,0x409345d3df86b5947f149013da0d4cec0fcd0e8ca9d2f62057837b6e3e58f168,1,0x1c727a55ea3c11b0ab7d3a361fe0f3c47ce6de5d,0x4ebf3d4a66b3d8a8d393aafa9f6d36d30edabc14,76789478869595341,21000,14632613733,0,1,0x,,84197,21000,1602485,0x,,0.076789478869595341,received,0x4ebf3d4a66b3d8a8d393aafa9f6d36d30edabc14
205,14372948,1647101765,0xea96a97ff22cf7cdb22400007568dc01bbae6c2622b23c396905e90fa3dc5768,5309591,0x047b7a9b8d0b43cf95b2bd5af65ebfd9915dc240c11d06a8b38855fbdd2d5618,140,0xddfabcdc4d8ffc6d5beaf154f18b778f892a0740,0x4ebf3d4a66b3d8a8d393aafa9f6d36d30edabc14,47000000000000000,21000,33604657555,0,1,0x,,8535378,21000,1600173,0x,,0.047,received,0x4ebf3d4a66b3d8a8d393aafa9f6d36d30edabc14
206,14373053,1647103053,0xf61713547ce85ec5a0decbbb921748ec21bf7314d6245221533524dfe1fe3c9f,4951959,0x57987a0a5867aae8371ae98c1d238826661bf8d2fea4068e40d931332b481ca5,95,0xeb2629a2734e272bcc07bda959863f316f4bd4cf,0x4ebf3d4a66b3d8a8d393aafa9f6d36d30edabc14,70000000000000000,21000,31398610595,0,1,0x,,8682618,21000,1600068,0x,,0.07,received,0x4ebf3d4a66b3d8a8d393aafa9f6d36d30edabc14
207,14374053,1647116122,0x0522c18ebdaf389347a1e03e89426cf25b8afe19f5bbcc363dc0260db6c1a16d,34,0x89de5235844a1cdb2050c21616f530f6d98796576497dc37083414b81e6d0a90,126,0xadb9d376ffe14ac010f81c6ef236c19fb4b06853,0x4ebf3d4a66b3d8a8d393aafa9f6d36d30edabc14,40000000000000000,21000,16041609260,0,1,0x,,18302809,21000,1599068,0x,,0.04,received,0x4ebf3d4a66b3d8a8d393aafa9f6d36d30edabc14
208,14374105,1647116920,0x396400212e9dd2da83a7908e72550072937a7448d282e16a2adade32cf3a8443,35,0x289542b180a19293010e741a7654cecd632231c1dfc0764931e0e17acf548b4f,119,0xadb9d376ffe14ac010f81c6ef236c19fb4b06853,0x4ebf3d4a66b3d8a8d393aafa9f6d36d30edabc14,8000000000000000,21000,31202843234,0,1,0x,,7583291,21000,1599016,0x,,0.008,received,0x4ebf3d4a66b3d8a8d393aafa9f6d36d30edabc14
209,14375872,1647140560,0x8c9c3fd392e6e8d27533bce94f23773a6f2439c0599f36eeb8de16f19138610c,47,0xb4a0be39676e2871bf2a10adf5ef6ab555a032813cba0222bda44f99fb3c3db6,124,0x4ebf3d4a66b3d8a8d393aafa9f6d36d30edabc14,0x9797a7eab75a9e872838e2a5105059ddfd0568b9,346184478869595341,21000,25000000000,0,1,0x,,16451313,21000,1597249,0x,,0.346184478869595341,sent,0x4ebf3d4a66b3d8a8d393aafa9f6d36d30edabc14
210,14383827,1647249296,0x619ed52ca64fe43c6ebf5355749ec461ff479913ba082dc95886d9e5c9d1e9cf,4,0x52bde5d3599f843e72308f0d251f8cd71fa8c74044e42eda4135c3ab0debdf2d,365,0x97a2b8c730bd2709e813af5bee800600aa6108e3,0x4ebf3d4a66b3d8a8d393aafa9f6d36d30edabc14,50000000000000000,21000,16515662278,0,1,0x,,30044148,21000,1589294,0x,,0.05,received,0x4ebf3d4a66b3d8a8d393aafa9f6d36d30edabc14
211,14385665,1647273431,0x1313143ea01eed3c2bb011802daba1b1ecf9228d60ec600a8858ed6a376a1a80,0,0x7feef539c19dbb82b94de8bc11b7b025a3c25f8641eedf3895edefc71b46fcc3,198,0x6ae0053aa887915a1c05a2ba7733f6de816c5349,0x4ebf3d4a66b3d8a8d393aafa9f6d36d30edabc14,10000000000000000,21000,41411719587,0,1,0x,,17488418,21000,1587456,0x,,0.01,received,0x4ebf3d4a66b3d8a8d393aafa9f6d36d30edabc14
212,14386433,1647283587,0x93add63df33cc7c40f4890830380b83b9ecf8c1a1e945c51fd2a0186f9d43ff0,8,0x0656a643eba0e9cff2f69f1cc23f73881295ac8c9c357feb0dd7c0245b1932be,71,0xe8205c7f84228ed7dd20e51e819b6d31ec9a141c,0x4ebf3d4a66b3d8a8d393aafa9f6d36d30edabc14,40000000000000000,21000,56938879751,0,1,0x,,6614536,21000,1586688,0x,,0.04,received,0x4ebf3d4a66b3d8a8d393aafa9f6d36d30edabc14
213,14388653,1647313297,0xd8d78706f62c82d6d7cf1e14e04feb53b49648878126f2b028acf84897118f35,48,0x2ba71dff60eca832fd3fad06244d1f004f2b3c404c9a8026b80270ae66631b1a,131,0x4ebf3d4a66b3d8a8d393aafa9f6d36d30edabc14,0x9797a7eab75a9e872838e2a5105059ddfd0568b9,99433000000000000,21000,27000000000,0,1,0x,,8959116,21000,1584468,0x,,0.099433,sent,0x4ebf3d4a66b3d8a8d393aafa9f6d36d30edabc14
214,14399869,1647463965,0x0d884cd4404be0845cd11149c86952c8dab6d6dc69d672101165be09ffac9f7a,12,0x06a112a545c9b17dbf1a0a3210c03697eaad14ff11146f83fddd9904f7b3c73a,115,0xb10e69571d2a21d10be055a96eaa7c2d0d614751,0x4ebf3d4a66b3d8a8d393aafa9f6d36d30edabc14,30000000000000000,21000,41007019468,0,1,0x,,9851725,21000,1573252,0x,,0.03,received,0x4ebf3d4a66b3d8a8d393aafa9f6d36d30edabc14
215,14401493,1647486194,0x3bbe89532f2756c1c57507a1aea7f3d5a902a0cd7c8c1f0a01a4db0b08999743,49,0x64302d835eb400973c1ab0291323b5621a31b9e9f5d318c503f68196144213a9,80,0x4ebf3d4a66b3d8a8d393aafa9f6d36d30edabc14,0x9797a7eab75a9e872838e2a5105059ddfd0568b9,29475000000000000,21000,25000000000,0,1,0x,,6179446,21000,1571628,0x,,0.029475,sent,0x4ebf3d4a66b3d8a8d393aafa9f6d36d30edabc14
216,14403841,1647517635,0x564b0def26b0fe14caa8918a6e89b354e68fd0450f6b708544d938a37072c745,15,0x953ea5bb3df50977373cb6c2adffc40bbd5439d074d0fec3404e7c628388be35,415,0x4e915061580bfeaba04471867954e8be3d0df07d,0x4ebf3d4a66b3d8a8d393aafa9f6d36d30edabc14,220910257883701000,21000,17890413984,0,1,0x,,17447139,21000,1569280,0x,,0.220910257883701,received,0x4ebf3d4a66b3d8a8d393aafa9f6d36d30edabc14
217,14404358,1647524618,0xbc29cb643b7136d048c6ade8522f1403441c011670d70100e82cbc250de5c48a,1,0x64a35daa75177d215af5f95436d254e8a5df9693c098f11a5a6e539805bf5a79,140,0x82f961af73cad9f125014709ea90d32ae2a613bd,0x4ebf3d4a66b3d8a8d393aafa9f6d36d30edabc14,50000000000000000,21000,156824365609,0,1,0x,,11359201,21000,1568763,0x,,0.05,received,0x4ebf3d4a66b3d8a8d393aafa9f6d36d30edabc14
218,14404672,1647528554,0x320259990a666b00a7909601dcc0b268fa65e6ccb641dca3d1118a933e1d0b4b,5,0x9694332c9d82d0f41ef416372f3007b4f9d71a15abc29ed46a9896918c103dc2,190,0x14a4923bad69d0e5f9d45ca0a10210838c30efc6,0x4ebf3d4a66b3d8a8d393aafa9f6d36d30edabc14,40000000000000000,21000,87931255280,0,1,0x,,12272904,21000,1568449,0x,,0.04,received,0x4ebf3d4a66b3d8a8d393aafa9f6d36d30edabc14
219,14407853,1647572443,0xf74582c35b22eab68ddce4480f28283da444c0ceff9a67312b1052cbfa49a858,50,0xea526d5e0b953437b9765e3f64cad2ed4a2c8b743e970ca9085c0956d1eb20ed,125,0x4ebf3d4a66b3d8a8d393aafa9f6d36d30edabc14,0x9797a7eab75a9e872838e2a5105059ddfd0568b9,309545257883701000,21000,65000000000,0,1,0x,,5111131,21000,1565268,0x,,0.309545257883701,sent,0x4ebf3d4a66b3d8a8d393aafa9f6d36d30edabc14
220,14413850,1647652612,0x6233624f32945eda64565bbbbee35a5191007829739d37f05d50a73729d8a7f7,2,0x8ba8b9452a9041825b51ee851f596c444290c9881342f3369f265474ebb7f16a,175,0x82f961af73cad9f125014709ea90d32ae2a613bd,0x4ebf3d4a66b3d8a8d393aafa9f6d36d30edabc14,74000000000000000,21000,34334203310,0,1,0x,,11958496,21000,1559271,0x,,0.074,received,0x4ebf3d4a66b3d8a8d393aafa9f6d36d30edabc14
221,14413960,1647653992,0xfa218e2dafffbde1a8e3850816ff463d2708f040430f716bdaa0027f500b417e,3,0x3f0d41fe3aa9aa4466a7168a925f86b10477429324c07b2547786958ef11db2a,94,0x82f961af73cad9f125014709ea90d32ae2a613bd,0x4ebf3d4a66b3d8a8d393aafa9f6d36d30edabc14,120000000000000000,21000,34945119861,0,1,0x,,12536567,21000,1559161,0x,,0.12,received,0x4ebf3d4a66b3d8a8d393aafa9f6d36d30edabc14
222,14414320,1647659100,0x5f0bbb7627b7acf3294115d736c4b8a06cbbec30a675102b6f2b0ea0d7ed53f0,51,0x11f8a3d302609898390037d8eb52e6d93b95887ca239e662c0bce05fd981a337,284,0x4ebf3d4a66b3d8a8d393aafa9f6d36d30edabc14,0x9797a7eab75a9e872838e2a5105059ddfd0568b9,193349000000000000,21000,31000000000,0,1,0x,,25155986,21000,1558801,0x,,0.193349,sent,0x4ebf3d4a66b3d8a8d393aafa9f6d36d30edabc14
223,14415932,1647680431,0x3a32b3e6dd260dd39ef6993a82d6f9295cf5304fa7f05e8a2c388b7b99a8a50a,0,0x25e1716a4b750a5c3a9cde272b3c391a741fe7777ee00a32d33e9e181f6146cc,169,0x193f6aa6603817d6e86f88f80572859df0df24d1,0x4ebf3d4a66b3d8a8d393aafa9f6d36d30edabc14,40000000000000000,21000,28327098414,0,1,0x,,20088323,21000,1557189,0x,,0.04,received,0x4ebf3d4a66b3d8a8d393aafa9f6d36d30edabc14
224,14420728,1647745235,0xeaff9394cbf24baa2e5bc833fd8423dc9dcc50d9f8c2b0b3b7a2bec2facdcdab,52,0x550208b0119448dc220099b5bd3913ce710affaf95fbd36e2ccee58ef51b5a37,31,0x4ebf3d4a66b3d8a8d393aafa9f6d36d30edabc14,0x9797a7eab75a9e872838e2a5105059ddfd0568b9,39370000000000000,21000,30000000000,0,1,0x,,1907549,21000,1552393,0x,,0.03937,sent,0x4ebf3d4a66b3d8a8d393aafa9f6d36d30edabc14
225,14429573,1647864134,0xcfc9475b95ae988872da6f86426e6ba6ccfce7a22774d71a3a46ee06926ad8fd,0,0x973d499e7d370464e87ad9f76f084bc8c04bd1f14d8b295233f81f78722eaa33,71,0xc84076cd57b041eddd15a23805f1c9fadba1d211,0x4ebf3d4a66b3d8a8d393aafa9f6d36d30edabc14,40219799485392821,21000,27234462480,0,1,0x,,6533207,21000,1543548,0x,,0.040219799485392821,received,0x4ebf3d4a66b3d8a8d393aafa9f6d36d30edabc14
226,14431422,1647888839,0x3b5e5a7049c6eeee694a7047eb966bd3e248942e8aab06841181820638da55fc,3,0x0f9e25de7562909c39b45c7157651a2a91d256cb7ee5e11cce43bd563e0a5b74,94,0x4072c0e8db27915c491c32c30583b9ee1aad5634,0x4ebf3d4a66b3d8a8d393aafa9f6d36d30edabc14,40000000000000000,21000,49141844341,0,1,0x,,7827605,21000,1541699,0x,,0.04,received,0x4ebf3d4a66b3d8a8d393aafa9f6d36d30edabc14
227,14431533,1647890340,0x3190e9adff21e784429fa0c3ec5ebf4b9adc5124d1f23c290464af39614aa65e,4,0x5f6fd1a09f2357cda312e69277c2b2857505ca825746af171b1e6487cec5207e,93,0x4072c0e8db27915c491c32c30583b9ee1aad5634,0x4ebf3d4a66b3d8a8d393aafa9f6d36d30edabc14,37000000000000000,21000,55291177169,0,1,0x,,6348894,21000,1541588,0x,,0.037,received,0x4ebf3d4a66b3d8a8d393aafa9f6d36d30edabc14
228,14433566,1647918042,0x032ddcf94e134ae6de96d2c452470ab70e92d9d12acb6ef3588fc96d1359702f,53,0x1bed90b6e0725171fc7bd5aa740cf7ea7a45557be8ff3d0234376a2e9f1c1150,293,0x4ebf3d4a66b3d8a8d393aafa9f6d36d30edabc14,0x9797a7eab75a9e872838e2a5105059ddfd0568b9,116253799485392821,21000,46000000000,0,1,0x,,18473767,21000,1539555,0x,,0.116253799485392821,sent,0x4ebf3d4a66b3d8a8d393aafa9f6d36d30edabc14
229,14435274,1647940966,0xeec9638033e2e1584116c52655ce1ac4582351add120e27ac10a713ab1e16ff3,16,0xf437052c9a409c7679d891d183fdb7eac0d3e5e0eecb34bc6cd6dfbedbde6d99,231,0x4e915061580bfeaba04471867954e8be3d0df07d,0x4ebf3d4a66b3d8a8d393aafa9f6d36d30edabc14,167199040520993417,21000,17190312990,0,1,0x,,26945797,21000,1537847,0x,,0.167199040520993417,received,0x4ebf3d4a66b3d8a8d393aafa9f6d36d30edabc14
230,14435496,1647943798,0xc63cfec10fb3d501ddfd662191b3f5b3c58b09fcbd2ab52e742aab00f3ab77c9,45,0xc7f8a84f603803b9c42c6cc6d6dc1ba97654857e61e20b96f1423651901b9897,214,0x6df6a07c72fa583ae74ba4438c254467a5c00266,0x4ebf3d4a66b3d8a8d393aafa9f6d36d30edabc14,116465957000768550,21000,23000000000,0,1,0x,,17693065,21000,1537625,0x,,0.11646595700076855,received,0x4ebf3d4a66b3d8a8d393aafa9f6d36d30edabc14
231,14436978,1647964209,0x676c2507865ee3a183fc2c502024814c317c13cca6f56d709407841d21472270,9,0x237039fb679a7e72d14290ee4e89d4f0597278ffd503358589ca7e8917881a54,246,0x4eb80351c9fe6389031abd6b9bf671c561913268,0x4ebf3d4a66b3d8a8d393aafa9f6d36d30edabc14,30000000000000000,21000,46301796693,0,1,0x,,15898246,21000,1536143,0x,,0.03,received,0x4ebf3d4a66b3d8a8d393aafa9f6d36d30edabc14
232,14440057,1648004544,0xbb54921c341c403ade1378ab74abd5c66383fb87533ffeb2be70df5f7ebd0cf9,54,0x2233549f74940b466e850a8e6a606faeca06f84ff575b6ac3a9fae807fce5702,174,0x4ebf3d4a66b3d8a8d393aafa9f6d36d30edabc14,0x9797a7eab75a9e872838e2a5105059ddfd0568b9,312950997521761967,21000,34000000000,0,1,0x,,9724892,21000,1533064,0x,,0.312950997521761967,sent,0x4ebf3d4a66b3d8a8d393aafa9f6d36d30edabc14
233,14441466,1648024070,0x432d39b68bb19aace6f34cc7ffe8d97649c9256e18e5405d5782809818516c11,0,0x007c02247216209128550f9293940a1285ae62964355e3a49f163a6199390701,212,0x2a5592b8567268b423fe3e3f571a27bcb123af15,0x4ebf3d4a66b3d8a8d393aafa9f6d36d30edabc14,40000000000000000,21000,27327402860,0,1,0x,,13964191,21000,1531655,0x,,0.04,received,0x4ebf3d4a66b3d8a8d393aafa9f6d36d30edabc14
234,14441986,1648031048,0xdfdf1f9dfbfdf2b076b9a342434b0f7610dabc5ae5086182b714bcd3642a66c2,1,0xe2c70ed52905437a0264ce317e5769a015cd26ff011fa5cfc43e33250dbed961,63,0x2a5592b8567268b423fe3e3f571a27bcb123af15,0x4ebf3d4a66b3d8a8d393aafa9f6d36d30edabc14,10000000000000000,21000,20622840817,0,1,0x,,7059426,21000,1531135,0x,,0.01,received,0x4ebf3d4a66b3d8a8d393aafa9f6d36d30edabc14
235,14444666,1648066482,0x1a0c9db228897c00520511d416baab8ba811363c67d5dc6127c6b499a8463167,0,0x9e4ab9bf105c98e402886352adf1eef645fc70266a28870595edd721afd216a9,131,0x68a03a42016b26fb5fefa78e642100ab115fdc00,0x4ebf3d4a66b3d8a8d393aafa9f6d36d30edabc14,40000000000000000,21000,47671124106,0,1,0x,,11328690,21000,1528455,0x,,0.04,received,0x4ebf3d4a66b3d8a8d393aafa9f6d36d30edabc14
236,14444840,1648068750,0xfe1f33bd337f473a995517bd516b8f940241b6abdf24d73b8014397ab4dc30eb,0,0x7437373d90ae34a93767b37798dfaf87edd2a93b62c725ff77c1e4280a903437,28,0x5cbd0ddf1804f23b9b219fe97528a13a60cdc7d0,0x4ebf3d4a66b3d8a8d393aafa9f6d36d30edabc14,40000000000000000,21000,35343553578,0,1,0x,,1564621,21000,1528281,0x,,0.04,received,0x4ebf3d4a66b3d8a8d393aafa9f6d36d30edabc14
237,14444898,1648069467,0x5577494db65ba25b2665a507393bc13d8955c5170fbe51cfb699dfa035618927,1,0x2b06c6686c29750b6f85d0fbd8d61fcfe6752e96abc585ade7b90e7b551de4b6,68,0x5cbd0ddf1804f23b9b219fe97528a13a60cdc7d0,0x4ebf3d4a66b3d8a8d393aafa9f6d36d30edabc14,32000000000000000,21000,49349552994,0,1,0x,,4408837,21000,1528223,0x,,0.032,received,0x4ebf3d4a66b3d8a8d393aafa9f6d36d30edabc14
238,14446458,1648090821,0xf5dd035622b9c52d33679379f5159dfa96b1204ded5bae8702cd4d79dd73d092,55,0xc864940ad90ca45c3b96eed0859077d4c18af2bf5bf100b16a586c6b0c23e68d,130,0x4ebf3d4a66b3d8a8d393aafa9f6d36d30edabc14,0x9797a7eab75a9e872838e2a5105059ddfd0568b9,161160000000000000,21000,40000000000,0,1,0x,,7279940,21000,1526663,0x,,0.16116,sent,0x4ebf3d4a66b3d8a8d393aafa9f6d36d30edabc14
239,14462191,1648302594,0xe4f8d34cbe493aeb691b5ac606316d0e714d9696ccf1d8bd6dbba00029f8864f,39,0xac32ba582736cfebec7be535f0d1e3ff6468e775f1a2e77503cda795dd6bcfd6,109,0xe523cbad4653980dfb2a3497a91f8bfc489218c5,0x4ebf3d4a66b3d8a8d393aafa9f6d36d30edabc14,40000000000000000,21000,24531589292,0,1,0x,,15755472,21000,1510930,0x,,0.04,received,0x4ebf3d4a66b3d8a8d393aafa9f6d36d30edabc14
240,14464044,1648327618,0x1830470be674e762695d5fc4a1a8ed8b245d8d2abd25681f829a2c4169638fb6,5,0x32e3849790b6961262ede0f0d432771e0dced4357ef667782a8b9bbd2228c0ff,407,0xfc1357e963d740078f23945b750ede98a56e5d7e,0x4ebf3d4a66b3d8a8d393aafa9f6d36d30edabc14,40000000000000000,21000,26271589100,0,1,0x,,21900953,21000,1509077,0x,,0.04,received,0x4ebf3d4a66b3d8a8d393aafa9f6d36d30edabc14
241,14464385,1648332342,0x61b704fcc1c6a4376fff1d6b69d8742950e31602a518b7b4839c664e806a9343,3,0xad2836aaf41b441e4e9ac992dd2dcb69722af8aebd11d6cf6c8157a1a5325d4d,140,0x488dccf83f9c0106e4b2309f4392d6045b2ac282,0x4ebf3d4a66b3d8a8d393aafa9f6d36d30edabc14,40000000000000000,21000,29499667977,0,1,0x,,10400105,21000,1508736,0x,,0.04,received,0x4ebf3d4a66b3d8a8d393aafa9f6d36d30edabc14
242,14464522,1648334193,0x0eef0a9209807de6d45dabf63c584b81c065b2f0137a919e628378e5e8b2b357,4,0x83c9ec60aad05ab6ad4bb0c8683a595341f9a1cad9526c4270da5670a09a464a,93,0x488dccf83f9c0106e4b2309f4392d6045b2ac282,0x4ebf3d4a66b3d8a8d393aafa9f6d36d30edabc14,24000000000000000,21000,17502584132,0,1,0x,,9002476,21000,1508599,0x,,0.024,received,0x4ebf3d4a66b3d8a8d393aafa9f6d36d30edabc14
243,14465703,1648350014,0x7fa4dc4643164c894603c291ca10dcb0605816188e78a55f4391100eeef06f16,56,0x7332aa1d1b11a215f5f509f0e7a83b93d54794374321ae268f8a019574de055d,301,0x4ebf3d4a66b3d8a8d393aafa9f6d36d30edabc14,0x9797a7eab75a9e872838e2a5105059ddfd0568b9,143538000000000000,21000,22000000000,0,1,0x,,21405392,21000,1507418,0x,,0.143538,sent,0x4ebf3d4a66b3d8a8d393aafa9f6d36d30edabc14
244,14467087,1648368877,0x98b193032b6c74d888a5e2ad82d2c0f5c1f33c655ab2aa4878f98c7be65709ef,17,0x6643b698325a6a2c33bccc64080695da717ce3a35130ed5e3979a9edb94da8f6,144,0x4e915061580bfeaba04471867954e8be3d0df07d,0x4ebf3d4a66b3d8a8d393aafa9f6d36d30edabc14,41594991924969000,21000,16824672908,0,1,0x,,10198190,21000,1506034,0x,,0.041594991924969,received,0x4ebf3d4a66b3d8a8d393aafa9f6d36d30edabc14
245,14472159,1648436419,0xbb316a059a4e2ff259062040e666f9bd12259260e671cf30d830667f2121ad71,57,0xd2644d2c73bbf42c60f917040a24000891b91f3bdc4669c30ec69c9b107d59a1,162,0x4ebf3d4a66b3d8a8d393aafa9f6d36d30edabc14,0x9797a7eab75a9e872838e2a5105059ddfd0568b9,41027991924969000,21000,27000000000,0,1,0x,,10930521,21000,1500962,0x,,0.041027991924969,sent,0x4ebf3d4a66b3d8a8d393aafa9f6d36d30edabc14
246,14475424,1648481066,0x676bf53125bac8e265bb4265ebfa80eb138ac0793bc4272ea07436a144dff676,0,0x6a970cddf69af6344b43677ef18382775c64470cef4284cbe07cd3179e376b55,66,0x9a2c77475e17c3aca09c0d6e2bb5773e25e784c0,0x4ebf3d4a66b3d8a8d393aafa9f6d36d30edabc14,40000000000000000,21000,150636524395,0,1,0x,,5427491,21000,1497697,0x,,0.04,received,0x4ebf3d4a66b3d8a8d393aafa9f6d36d30edabc14
247,14476021,1648489066,0x92019673a58cd18210846ffd37c41ecc9b5e317b45f545460543abc669ffb550,1,0x67a2bb9a81870ee31b874891a0c07a3c3be0457661869bfce33e9b202c21d299,163,0x9a2c77475e17c3aca09c0d6e2bb5773e25e784c0,0x4ebf3d4a66b3d8a8d393aafa9f6d36d30edabc14,35837425925117000,21000,123567177858,0,1,0x,,13830533,21000,1497100,0x,,0.035837425925117,received,0x4ebf3d4a66b3d8a8d393aafa9f6d36d30edabc14
248,14478575,1648522844,0xf801a5cfe37bdc99e906f703bb9efce6a379efdce2b53ed955498d8ece9314e0,58,0x0c1535a83e27f0e9fa898d1b5b532a92780ddb37d32d64e188fbfe0d3ffb17d2,123,0x4ebf3d4a66b3d8a8d393aafa9f6d36d30edabc14,0x9797a7eab75a9e872838e2a5105059ddfd0568b9,75060425925117000,21000,37000000000,0,1,0x,,4368601,21000,1494546,0x,,0.075060425925117,sent,0x4ebf3d4a66b3d8a8d393aafa9f6d36d30edabc14
249,14479385,1648534167,0x003aa705e5fecc370709916b05d650b0fa8c4a9a90093d627473b6ea6ceacbe7,2,0x63ff1ff3f8a3d316dd9ad55027cc04d02a7d2dbd1cfa18aca99d4d70b7c5fdf8,210,0x9a2c77475e17c3aca09c0d6e2bb5773e25e784c0,0x4ebf3d4a66b3d8a8d393aafa9f6d36d30edabc14,20000000000000000,21000,33825520850,0,1,0x,,11830911,21000,1493736,0x,,0.02,received,0x4ebf3d4a66b3d8a8d393aafa9f6d36d30edabc14
250,14482955,1648581589,0x35bdb4e60cadbda2d68ec27b9de8bed33a2cab5304103400c5b78cf7782417ca,374,0x881dd94f41f449c38ece825d5de5ef6076ba79801a09f337993b932a1cea5939,274,0xfee6f6fdc556dfa0b83cb2f3d8b5e760a593d957,0x4ebf3d4a66b3d8a8d393aafa9f6d36d30edabc14,41000000000000000,21000,58229040250,0,1,0x,,29683387,21000,1490166,0x,,0.041,received,0x4ebf3d4a66b3d8a8d393aafa9f6d36d30edabc14
251,14485436,1648614576,0xa48aa2abf1e30ecbedff2f10ca42dd8c27eccad7b42e57494da61d861b639a50,59,0x129a198e67a40b352b33ea89a4c3139195fb56045fcfd460fc258b3fcf278b8b,266,0x4ebf3d4a66b3d8a8d393aafa9f6d36d30edabc14,0x9797a7eab75a9e872838e2a5105059ddfd0568b9,60538000000000000,21000,22000000000,0,1,0x,,28385694,21000,1487685,0x,,0.060538,sent,0x4ebf3d4a66b3d8a8d393aafa9f6d36d30edabc14
252,14492893,1648715675,0x242466ed4111159273183bd678274359c68eb9bb305cb5d124ba210b4a8a4e2d,19,0xfa0f353f13ed8b6d877b8715bf12b8fff1c88b7d88b16d048cbfaa517a1e2433,147,0x4e915061580bfeaba04471867954e8be3d0df07d,0x4ebf3d4a66b3d8a8d393aafa9f6d36d30edabc14,305396691004473753,21000,35651711287,0,1,0x,,11295645,21000,1480228,0x,,0.305396691004473753,received,0x4ebf3d4a66b3d8a8d393aafa9f6d36d30edabc14
253,14497925,1648783061,0x0cfcd9612fff8b87d7b687de86af94e579d8cf5f62561427c6774f8c22a798c6,60,0xf387d1631c10fa696c2c663c139438b62b34884e591a9bf3841a3b7071e05a20,165,0x4ebf3d4a66b3d8a8d393aafa9f6d36d30edabc14,0x9797a7eab75a9e872838e2a5105059ddfd0568b9,303401691004473753,21000,95000000000,0,1,0x,,11831065,21000,1475196,0x,,0.303401691004473753,sent,0x4ebf3d4a66b3d8a8d393aafa9f6d36d30edabc14
254,14525267,1649153203,0x2a684a2ee9e10fc362517f78ebfb8d7c05581205a2e9186362d010a3ec53505a,0,0x60135372b8a489b20d55fc7d0744be139e1b29866dd668a5b688d19eb3dbfd5e,61,0x02beae4ac5bf65c0639c3631d909566723fa514c,0x4ebf3d4a66b3d8a8d393aafa9f6d36d30edabc14,50000000000000000,21000,52651473145,0,1,0x,,6236446,21000,1447854,0x,,0.05,received,0x4ebf3d4a66b3d8a8d393aafa9f6d36d30edabc14
255,14529821,1649214049,0x356cfbd9be7cce897c290fffe655166f08b6c63b7eed524a91c515b80ba57432,61,0xbc1575881903ec40604646acd2c019188595e5cc44a3fdf6ca2724db2163d6d8,57,0x4ebf3d4a66b3d8a8d393aafa9f6d36d30edabc14,0x9797a7eab75a9e872838e2a5105059ddfd0568b9,48824000000000000,21000,56000000000,0,1,0x,,3018512,21000,1443300,0x,,0.048824,sent,0x4ebf3d4a66b3d8a8d393aafa9f6d36d30edabc14
