,blockNumber,timeStamp,hash,nonce,blockHash,transactionIndex,from,to,value,gas,gasPrice,isError,txreceipt_status,input,contractAddress,cumulativeGasUsed,gasUsed,confirmations,methodId,functionName,eth value,txn type,AccountId
0,13818341,1639686564,0x5e92590778771ae371058d1f78456e1e5a93511965df6946cb07c5090814d598,177,0x1d8c153240546d5821fd47bcea7035b9612d2a30c9fc3cd5a1c43cd06ce9ac80,162,0x8e1d6e78aa4e39fcdc861dc1d681fd439edcca25,0x6d88bcae643b32b24d33a0cfe265c4f7bbe40069,89978898418243033,21000,154236397724,0,1,0x,,11642969,21000,2154789,0x,,0.089978898418243033,received,0x6d88bcae643b32b24d33a0cfe265c4f7bbe40069
1,13818471,1639688235,0x96998a126a492bc193ee3235588f1705c908c0408329d1814f93c0e895c15fdb,0,0x11d9396e36250faa96d94a85367ba3b875a2d8409ad80284d2f8b93ea03ef724,102,0x6d88bcae643b32b24d33a0cfe265c4f7bbe40069,0xac657854d80a433ee0fe655eaf2a1918729a00fa,35000000000000000,21000,131222491223,0,1,0x,,11445832,21000,2154659,0x,,0.035,sent,0x6d88bcae643b32b24d33a0cfe265c4f7bbe40069
2,13818502,1639688605,0xc73d799e64e95199c2b4ea6bd8b2a7df617321fe9102db0b24baa4e13b5dd11c,1,0x646e14363a49f4865345ea5b9676787c8b9665977085b3ad62de24f4596afa50,215,0x6d88bcae643b32b24d33a0cfe265c4f7bbe40069,0xac657854d80a433ee0fe655eaf2a1918729a00fa,20000000000000000,21000,119104222951,0,1,0x,,16549508,21000,2154628,0x,,0.02,sent,0x6d88bcae643b32b24d33a0cfe265c4f7bbe40069
3,13818521,1639688899,0x60cc5c20011af399cb003f31ca144157b078d4891fcf0b35e9eed234f3adf289,378,0x76939b13139af8b84f057349d590221f898d94dec3d156bcd7edb9aca8212e89,192,0xac657854d80a433ee0fe655eaf2a1918729a00fa,0x6d88bcae643b32b24d33a0cfe265c4f7bbe40069,14079272693587427,21000,132076284407,0,1,0x,,17521407,21000,2154609,0x,,0.014079272693587427,received,0x6d88bcae643b32b24d33a0cfe265c4f7bbe40069
4,13821251,1639725095,0xf56e7ceebd8ba42f4ab73ca3fcae7077d54183e9b72f4784b2b328e566f7b761,211,0x21df3dd42e56b3e908ccb4ff56ed17894480eb0ce3ef44a308279b21c68ba302,257,0x8e1d6e78aa4e39fcdc861dc1d681fd439edcca25,0x6d88bcae643b32b24d33a0cfe265c4f7bbe40069,1000000000000000,24456,46000000000,0,1,0x5468697320796561722c2049207370656e7420616c6c206d7920736176696e677320746f2062757920736869622e204920616d2077696c6c696e6720746f2070617920666f72206d79207374757069646974792c2062757420706c656173652074656c6c206d6520686f7720796f752073746f6c65206d792077616c6c65742e20496620796f752063616e2c204920686f706520796f752063616e2072657475726e20736f6d65207368696220746f206d652c206f7468657277697365206d79206c696665206d617920656e64207468697320796561722e,,20480078,24456,2151879,0x54686973,,0.001,received,0x6d88bcae643b32b24d33a0cfe265c4f7bbe40069
5,13829413,1639834223,0xd2596def29e74a43fe4545567b1af23be54e8127358b8929cccbc0932d610f3d,303,0xa76cd1aa110fb686e8f74037e4ec43606b06e1a01994fd0a30e9d11c5a7026d2,166,0x4e6f94c1296b2cf66682b2b2546a83f1cbdca187,0x6d88bcae643b32b24d33a0cfe265c4f7bbe40069,64101207767882463,21000,39299823049,0,1,0x,,15893496,21000,2143717,0x,,0.064101207767882463,received,0x6d88bcae643b32b24d33a0cfe265c4f7bbe40069
6,13829433,1639834469,0xc61d2154560bf3c227332e2c675863749c543146a46a04afd8ad289da862d19b,119,0x2cde369a034cacf630ca65fa0bd3e6fedbc44ac67d6275011a44bec5066f2cfe,89,0xd1f2b4ee778b3e88aec22dc7a008b1dd03542f9e,0x6d88bcae643b32b24d33a0cfe265c4f7bbe40069,24775411803235200,21000,48261990346,0,1,0x,,8204894,21000,2143697,0x,,0.0247754118032352,received,0x6d88bcae643b32b24d33a0cfe265c4f7bbe40069
7,13830704,1639851819,0xb5702eb02724b8733039953459ae0f2033991cd9cb203380b07c936ba711de34,4775,0x6822f0192057fa1284318e89964f90b655e7394765a775062a2f7bed3980964e,104,0xf521bb7437bec77b0b15286dc3f49a87b9946773,0x6d88bcae643b32b24d33a0cfe265c4f7bbe40069,2100000000000000000,21000,75824186876,0,1,0x,,9665103,21000,2142426,0x,,2.1,received,0x6d88bcae643b32b24d33a0cfe265c4f7bbe40069
8,13830732,1639852183,0xada221f6ce7cde5c441571ccd165b7cc3262c46eb67dcc4c23ac5ebb634f30a6,2,0x87c580c245021ef207c0d0d7694bc85e55aef371b317b6b66e5f460238d2061c,34,0x6d88bcae643b32b24d33a0cfe265c4f7bbe40069,0xf521bb7437bec77b0b15286dc3f49a87b9946773,1000000000000000000,21000,65583776628,0,1,0x,,3782112,21000,2142398,0x,,1,sent,0x6d88bcae643b32b24d33a0cfe265c4f7bbe40069
9,13830741,1639852322,0x44550b069fa9670cf91ce9eb6f9b579b2984adb93d93649a64ad718b9d07cb20,4783,0xacd15909339e84349cb0b3d4b4ca2f4b8b8c557937e149a3d784770834712563,142,0xf521bb7437bec77b0b15286dc3f49a87b9946773,0x6d88bcae643b32b24d33a0cfe265c4f7bbe40069,3500000000000000000,21000,65856047206,0,1,0x,,9204401,21000,2142389,0x,,3.5,received,0x6d88bcae643b32b24d33a0cfe265c4f7bbe40069
10,13830795,1639852951,0xa13de9bb6eb04b669791119381c39ecff2fe5a779d74a308dfd0269a79348344,4793,0x28ab29af4e558afdc8cc5a1eb41e7e2ec23278d503ffb54e36fc3eca72c1a71b,106,0xf521bb7437bec77b0b15286dc3f49a87b9946773,0x6d88bcae643b32b24d33a0cfe265c4f7bbe40069,3500000000000000000,21000,50411973372,0,1,0x,,5483604,21000,2142335,0x,,3.5,received,0x6d88bcae643b32b24d33a0cfe265c4f7bbe40069
11,13830822,1639853410,0x8182ffde0fd8361cb882ad6ec59119764edd1346505ca6de6cc3ffdda393eb8c,3,0xf5d94f8ea9feb6ea669f4b9d76b48f12fe4bc9417c12cfb2f0e46e5ba25cf87e,212,0x6d88bcae643b32b24d33a0cfe265c4f7bbe40069,0xf521bb7437bec77b0b15286dc3f49a87b9946773,1000000000000000000,21000,55839173916,0,1,0x,,18267461,21000,2142308,0x,,1,sent,0x6d88bcae643b32b24d33a0cfe265c4f7bbe40069
12,13830888,1639854268,0xcb0fc855d3ad2628848a4c5c483f5f640b0f01530b5562afc2aa9f0bd2634ca5,2,0x300e71a372a73e8d3dfc91d3da6cbee6554a06b49da8f235c3405cc0a7eace2f,255,0x0000000000b7426221f3e6941e7f5e35c50abf97,0x6d88bcae643b32b24d33a0cfe265c4f7bbe40069,1733334743197860942,21000,52709537730,0,1,0x,,22112853,21000,2142242,0x,,1.733334743197860942,received,0x6d88bcae643b32b24d33a0cfe265c4f7bbe40069
13,13831010,1639855807,0xfcfc725a8b300879d1cc537165cb4ef88832d09330eac4a58a5b5a9be05f0faa,4,0x3fd441240273e58ae94881f688e3b36b79a7648026639de344101e45898b1dda,156,0x6d88bcae643b32b24d33a0cfe265c4f7bbe40069,0x57a204aa1042f6e66dd7730813f4024114d74f37,0,46411,58622852413,0,1,0xa22cb4650000000000000000000000004fee7b061c97c9c496b01dbce9cdb10c02f0a0be0000000000000000000000000000000000000000000000000000000000000001,,9954514,46411,2142120,0xa22cb465,"setApprovalForAll(address operator, bool authorized)",0,sent,0x6d88bcae643b32b24d33a0cfe265c4f7bbe40069
14,13831012,1639855861,0xf7e8e312896269fc28c50130d36ba798dde64321045ebbdfd568a97d5fabbaf8,5,0x3f7c48756fca8aa3a9816a0eb2279b0e40420f4edab3183df99e3bb1f825a24a,59,0x6d88bcae643b32b24d33a0cfe265c4f7bbe40069,0x9757f2d2b135150bbeb65308d4a91804107cd8d6,0,400800,62170603438,0,1,0xe99a3f800000000000000000000000000000000000000000000000000000000000000080000000000000000000000000000000000000000000000000000000000000046000000000000000000000000000000000000000000000000000000000000004e000000000000000000000000000000000000000000000000000000000000008c000000000000000000000000040bba8b1c1140defc330c79e4bcbd2cc40e7a3800000000000000000000000000000000000000000000000000000000000000120000000000000000000000000000000000000000000000000000000000000000000000000000000000000000000000000000000000000000000000000000001e009605de76606c6115231a9f7de29727a4834fcd1859a885c1e05104f568be5540000000000000000000000000000000000000000000000000000000000000000000000000000000000000000000000000000000000000000000000000000000023d235ef0000000000000000000000000000000000000000000000000000000000000000000000000000000000000000000000000000000000000000000002c0000000000000000000000000000000000000000000000000000000000000004000000000000000000000000000000000000000000000000029a2241af62c00008ae85d840000000000000000000000000000000000000000000000000000000000000000000000000000000000000000000000000000000000000000000000400000000000000000000000000000000000000000000000000000000000000020000000000000000000000000c02aaa39b223fe8d0a0e5c4f27ead9083c756cc20000000000000000000000000000000000000000000000000000000000000040000000000000000000000000000000000000000000000000000000000000000173ad2146000000000000000000000000000000000000000000000000000000000000000000000000000000000000000000000000000000000000000000000040000000000000000000000000000000000000000000000000000000000000004000000000000000000000000057a204aa1042f6e66dd7730813f4024114d74f370000000000000000000000000000000000000000000000000000000000000d4800000000000000000000000000000000000000000000000000000000000001000000000000000000000000000000000000000000000000000000000000000020000000000000000000000000000000000000000000000000000000000000006000000000000000000000000000000000000000000000000000000000000000800000000000000000000000000000000000000000000000000000000000000000000000000000000000000000000000000000000000000000000000000000000000000000000000000000000000000000000000000000000000000000000000010000000000000000000000001cf0df2a5a20cd61d68d4489eebbf85b8d39e18a00000000000000000000000000000000000000000000000000000000000000fa000000000000000000000000000000000000000000000000000000000000004165be902c23c03bb6b64ff67c8d423065ac71a37651316b8580e26363abe41f2b734f3e866fa76003a078866992468b4f273f86d8e0ebf06ea5054a1bb9d4a8351b000000000000000000000000000000000000000000000000000000000000000000000000000000000000006d88bcae643b32b24d33a0cfe265c4f7bbe40069000000000000000000000000000000000000000000000000000000000000012000000000000000000000000040bba8b1c1140defc330c79e4bcbd2cc40e7a380000000000000000000000000000000000000000000000000000000000000020000000000000000000000000000000000000000000000000000000000000000000000000000000000000000000000000000000000000000000000000000000000000000000000000000000000000000000000000000000000000000000000000023d235ef0000000000000000000000000000000000000000000000000000000000000000000000000000000000000000000000000000000000000000000002c00000000000000000000000000000000000000000000000000000000000000040000000000000000000000000000000000000000000000000000000000000000173ad2146000000000000000000000000000000000000000000000000000000000000000000000000000000000000000000000000000000000000000000000040000000000000000000000000000000000000000000000000000000000000004000000000000000000000000057a204aa1042f6e66dd7730813f4024114d74f370000000000000000000000000000000000000000000000000000000000000d48000000000000000000000000000000000000000000000000000000000000004000000000000000000000000000000000000000000000000029a2241af62c00008ae85d840000000000000000000000000000000000000000000000000000000000000000000000000000000000000000000000000000000000000000000000400000000000000000000000000000000000000000000000000000000000000020000000000000000000000000c02aaa39b223fe8d0a0e5c4f27ead9083c756cc200000000000000000000000000000000000000000000000000000000000001000000000000000000000000000000000000000000000000000000000000000020000000000000000000000000000000000000000000000000000000000000006000000000000000000000000000000000000000000000000000000000000000800000000000000000000000000000000000000000000000000000000000000001000000000000000000000000000000000000000000000000000000000000000000000000000000000000000000000000000000000000000000000000000000010000000000000000000000001cf0df2a5a20cd61d68d4489eebbf85b8d39e18a00000000000000000000000000000000000000000000000000000000000000fa0000000000000000000000000000000000000000000000000000000000000000,,5843877,385636,2142118,0xe99a3f80,"matchOrders(tuple orderLeft,bytes signatureLeft,tuple orderRight,bytes signatureRight)",0,sent,0x6d88bcae643b32b24d33a0cfe265c4f7bbe40069
15,13831043,1639856214,0xbe1166cf81ba195ec68bea1658358115a5875f276a2986a414703edf671add2b,4918,0xf6c8a5b8bd8cf64d83fe02774e85b7acf0d1b8f38585904da2b8e1c7439bb5c3,158,0xf521bb7437bec77b0b15286dc3f49a87b9946773,0x6d88bcae643b32b24d33a0cfe265c4f7bbe40069,330000000000000000,21000,45725011838,0,1,0x,,14776944,21000,2142087,0x,,0.33,received,0x6d88bcae643b32b24d33a0cfe265c4f7bbe40069
16,13831077,1639856517,0x7e76298dbb6416cc232222b4500e230e65077017339e05b8153f5b1cc5a998bd,4929,0xee9d3715be2ff038a05b55e96b9789c12ac69775683b25eea222a7f0fb55633d,138,0xf521bb7437bec77b0b15286dc3f49a87b9946773,0x6d88bcae643b32b24d33a0cfe265c4f7bbe40069,140808100000000000,21000,41251323462,0,1,0x,,9251606,21000,2142053,0x,,0.1408081,received,0x6d88bcae643b32b24d33a0cfe265c4f7bbe40069
17,13831119,1639856985,0x180632a31bfef8dbe0aac3b185a9572b1c2230fd7df4aa4aec7954a9801fef4e,6,0xee79d8895cfd50dffa93facc42f588f89cafb077addf36372cfe539a82604bc7,111,0x6d88bcae643b32b24d33a0cfe265c4f7bbe40069,0x9757f2d2b135150bbeb65308d4a91804107cd8d6,0,332300,61508497330,0,1,0xe99a3f800000000000000000000000000000000000000000000000000000000000000080000000000000000000000000000000000000000000000000000000000000046000000000000000000000000000000000000000000000000000000000000004e000000000000000000000000000000000000000000000000000000000000008c000000000000000000000000040bba8b1c1140defc330c79e4bcbd2cc40e7a3800000000000000000000000000000000000000000000000000000000000000120000000000000000000000000000000000000000000000000000000000000000000000000000000000000000000000000000000000000000000000000000001e0cf94c21637bd44f91bc11069e75370d3d655abab4fea84dec3a1afd584ed41500000000000000000000000000000000000000000000000000000000000000000000000000000000000000000000000000000000000000000000000000000000023d235ef0000000000000000000000000000000000000000000000000000000000000000000000000000000000000000000000000000000000000000000002c000000000000000000000000000000000000000000000000000000000000000400000000000000000000000000000000000000000000000001bc16d674ec800008ae85d840000000000000000000000000000000000000000000000000000000000000000000000000000000000000000000000000000000000000000000000400000000000000000000000000000000000000000000000000000000000000020000000000000000000000000c02aaa39b223fe8d0a0e5c4f27ead9083c756cc20000000000000000000000000000000000000000000000000000000000000040000000000000000000000000000000000000000000000000000000000000000173ad2146000000000000000000000000000000000000000000000000000000000000000000000000000000000000000000000000000000000000000000000040000000000000000000000000000000000000000000000000000000000000004000000000000000000000000057a204aa1042f6e66dd7730813f4024114d74f370000000000000000000000000000000000000000000000000000000000000ef500000000000000000000000000000000000000000000000000000000000001000000000000000000000000000000000000000000000000000000000000000020000000000000000000000000000000000000000000000000000000000000006000000000000000000000000000000000000000000000000000000000000000800000000000000000000000000000000000000000000000000000000000000000000000000000000000000000000000000000000000000000000000000000000000000000000000000000000000000000000000000000000000000000000000010000000000000000000000001cf0df2a5a20cd61d68d4489eebbf85b8d39e18a00000000000000000000000000000000000000000000000000000000000000fa0000000000000000000000000000000000000000000000000000000000000041e8a52f1babf049542a995f22ef33a69ce271e82333fff61d651fd1906d2c026768b49c562df6bab6d4767643eb0d6754456a8c5854c758566b9ee289071c84e11c000000000000000000000000000000000000000000000000000000000000000000000000000000000000006d88bcae643b32b24d33a0cfe265c4f7bbe40069000000000000000000000000000000000000000000000000000000000000012000000000000000000000000040bba8b1c1140defc330c79e4bcbd2cc40e7a380000000000000000000000000000000000000000000000000000000000000020000000000000000000000000000000000000000000000000000000000000000000000000000000000000000000000000000000000000000000000000000000000000000000000000000000000000000000000000000000000000000000000000023d235ef0000000000000000000000000000000000000000000000000000000000000000000000000000000000000000000000000000000000000000000002c00000000000000000000000000000000000000000000000000000000000000040000000000000000000000000000000000000000000000000000000000000000173ad2146000000000000000000000000000000000000000000000000000000000000000000000000000000000000000000000000000000000000000000000040000000000000000000000000000000000000000000000000000000000000004000000000000000000000000057a204aa1042f6e66dd7730813f4024114d74f370000000000000000000000000000000000000000000000000000000000000ef500000000000000000000000000000000000000000000000000000000000000400000000000000000000000000000000000000000000000001bc16d674ec800008ae85d840000000000000000000000000000000000000000000000000000000000000000000000000000000000000000000000000000000000000000000000400000000000000000000000000000000000000000000000000000000000000020000000000000000000000000c02aaa39b223fe8d0a0e5c4f27ead9083c756cc200000000000000000000000000000000000000000000000000000000000001000000000000000000000000000000000000000000000000000000000000000020000000000000000000000000000000000000000000000000000000000000006000000000000000000000000000000000000000000000000000000000000000800000000000000000000000000000000000000000000000000000000000000001000000000000000000000000000000000000000000000000000000000000000000000000000000000000000000000000000000000000000000000000000000010000000000000000000000001cf0df2a5a20cd61d68d4489eebbf85b8d39e18a00000000000000000000000000000000000000000000000000000000000000fa0000000000000000000000000000000000000000000000000000000000000000,,7745941,318206,2142011,0xe99a3f80,"matchOrders(tuple orderLeft,bytes signatureLeft,tuple orderRight,bytes signatureRight)",0,sent,0x6d88bcae643b32b24d33a0cfe265c4f7bbe40069
18,13831121,1639857050,0x03916e6afba8e9f9c7540c07aa62eaddc3baa4b4661d7a255bf05e269d6b4bea,7,0xc20147ded371b8a93d458d82a0c4368f13a0a5e04bc3ff0e269fcefdc1c8339a,111,0x6d88bcae643b32b24d33a0cfe265c4f7bbe40069,0x9757f2d2b135150bbeb65308d4a91804107cd8d6,0,332300,71364661573,0,1,0xe99a3f800000000000000000000000000000000000000000000000000000000000000080000000000000000000000000000000000000000000000000000000000000046000000000000000000000000000000000000000000000000000000000000004e000000000000000000000000000000000000000000000000000000000000008c000000000000000000000000040bba8b1c1140defc330c79e4bcbd2cc40e7a3800000000000000000000000000000000000000000000000000000000000000120000000000000000000000000000000000000000000000000000000000000000000000000000000000000000000000000000000000000000000000000000001e073215630a9f2c1eb4bba60803dd2372fc377db608e3c46f85491f1fd86b3a8dc0000000000000000000000000000000000000000000000000000000000000000000000000000000000000000000000000000000000000000000000000000000023d235ef0000000000000000000000000000000000000000000000000000000000000000000000000000000000000000000000000000000000000000000002c000000000000000000000000000000000000000000000000000000000000000400000000000000000000000000000000000000000000000001bc16d674ec800008ae85d840000000000000000000000000000000000000000000000000000000000000000000000000000000000000000000000000000000000000000000000400000000000000000000000000000000000000000000000000000000000000020000000000000000000000000c02aaa39b223fe8d0a0e5c4f27ead9083c756cc20000000000000000000000000000000000000000000000000000000000000040000000000000000000000000000000000000000000000000000000000000000173ad2146000000000000000000000000000000000000000000000000000000000000000000000000000000000000000000000000000000000000000000000040000000000000000000000000000000000000000000000000000000000000004000000000000000000000000057a204aa1042f6e66dd7730813f4024114d74f370000000000000000000000000000000000000000000000000000000000000a9b00000000000000000000000000000000000000000000000000000000000001000000000000000000000000000000000000000000000000000000000000000020000000000000000000000000000000000000000000000000000000000000006000000000000000000000000000000000000000000000000000000000000000800000000000000000000000000000000000000000000000000000000000000000000000000000000000000000000000000000000000000000000000000000000000000000000000000000000000000000000000000000000000000000000000010000000000000000000000001cf0df2a5a20cd61d68d4489eebbf85b8d39e18a00000000000000000000000000000000000000000000000000000000000000fa00000000000000000000000000000000000000000000000000000000000000410e5f4b19c86c94dd022455cc3dfd6ce771159dd16cde16b27f232c71ce53e98c669c0ba7b85eed0539533a417c365140196a3644e47c1f3fb92913714b253de21c000000000000000000000000000000000000000000000000000000000000000000000000000000000000006d88bcae643b32b24d33a0cfe265c4f7bbe40069000000000000000000000000000000000000000000000000000000000000012000000000000000000000000040bba8b1c1140defc330c79e4bcbd2cc40e7a380000000000000000000000000000000000000000000000000000000000000020000000000000000000000000000000000000000000000000000000000000000000000000000000000000000000000000000000000000000000000000000000000000000000000000000000000000000000000000000000000000000000000000023d235ef0000000000000000000000000000000000000000000000000000000000000000000000000000000000000000000000000000000000000000000002c00000000000000000000000000000000000000000000000000000000000000040000000000000000000000000000000000000000000000000000000000000000173ad2146000000000000000000000000000000000000000000000000000000000000000000000000000000000000000000000000000000000000000000000040000000000000000000000000000000000000000000000000000000000000004000000000000000000000000057a204aa1042f6e66dd7730813f4024114d74f370000000000000000000000000000000000000000000000000000000000000a9b00000000000000000000000000000000000000000000000000000000000000400000000000000000000000000000000000000000000000001bc16d674ec800008ae85d840000000000000000000000000000000000000000000000000000000000000000000000000000000000000000000000000000000000000000000000400000000000000000000000000000000000000000000000000000000000000020000000000000000000000000c02aaa39b223fe8d0a0e5c4f27ead9083c756cc200000000000000000000000000000000000000000000000000000000000001000000000000000000000000000000000000000000000000000000000000000020000000000000000000000000000000000000000000000000000000000000006000000000000000000000000000000000000000000000000000000000000000800000000000000000000000000000000000000000000000000000000000000001000000000000000000000000000000000000000000000000000000000000000000000000000000000000000000000000000000000000000000000000000000010000000000000000000000001cf0df2a5a20cd61d68d4489eebbf85b8d39e18a00000000000000000000000000000000000000000000000000000000000000fa0000000000000000000000000000000000000000000000000000000000000000,,5897628,318206,2142009,0xe99a3f80,"matchOrders(tuple orderLeft,bytes signatureLeft,tuple orderRight,bytes signatureRight)",0,sent,0x6d88bcae643b32b24d33a0cfe265c4f7bbe40069
19,13831121,1639857050,0xbc74df4a821fb93f2d0b01a2f0cc766d08015d03aee7a98f8c041a1946cb055e,8,0xc20147ded371b8a93d458d82a0c4368f13a0a5e04bc3ff0e269fcefdc1c8339a,115,0x6d88bcae643b32b24d33a0cfe265c4f7bbe40069,0x9757f2d2b135150bbeb65308d4a91804107cd8d6,0,332300,71364661573,1,0,0xe99a3f800000000000000000000000000000000000000000000000000000000000000080000000000000000000000000000000000000000000000000000000000000046000000000000000000000000000000000000000000000000000000000000004e000000000000000000000000000000000000000000000000000000000000008c000000000000000000000000040bba8b1c1140defc330c79e4bcbd2cc40e7a3800000000000000000000000000000000000000000000000000000000000000120000000000000000000000000000000000000000000000000000000000000000000000000000000000000000000000000000000000000000000000000000001e073215630a9f2c1eb4bba60803dd2372fc377db608e3c46f85491f1fd86b3a8dc0000000000000000000000000000000000000000000000000000000000000000000000000000000000000000000000000000000000000000000000000000000023d235ef0000000000000000000000000000000000000000000000000000000000000000000000000000000000000000000000000000000000000000000002c000000000000000000000000000000000000000000000000000000000000000400000000000000000000000000000000000000000000000001bc16d674ec800008ae85d840000000000000000000000000000000000000000000000000000000000000000000000000000000000000000000000000000000000000000000000400000000000000000000000000000000000000000000000000000000000000020000000000000000000000000c02aaa39b223fe8d0a0e5c4f27ead9083c756cc20000000000000000000000000000000000000000000000000000000000000040000000000000000000000000000000000000000000000000000000000000000173ad2146000000000000000000000000000000000000000000000000000000000000000000000000000000000000000000000000000000000000000000000040000000000000000000000000000000000000000000000000000000000000004000000000000000000000000057a204aa1042f6e66dd7730813f4024114d74f370000000000000000000000000000000000000000000000000000000000000a9b00000000000000000000000000000000000000000000000000000000000001000000000000000000000000000000000000000000000000000000000000000020000000000000000000000000000000000000000000000000000000000000006000000000000000000000000000000000000000000000000000000000000000800000000000000000000000000000000000000000000000000000000000000000000000000000000000000000000000000000000000000000000000000000000000000000000000000000000000000000000000000000000000000000000000010000000000000000000000001cf0df2a5a20cd61d68d4489eebbf85b8d39e18a00000000000000000000000000000000000000000000000000000000000000fa00000000000000000000000000000000000000000000000000000000000000410e5f4b19c86c94dd022455cc3dfd6ce771159dd16cde16b27f232c71ce53e98c669c0ba7b85eed0539533a417c365140196a3644e47c1f3fb92913714b253de21c000000000000000000000000000000000000000000000000000000000000000000000000000000000000006d88bcae643b32b24d33a0cfe265c4f7bbe40069000000000000000000000000000000000000000000000000000000000000012000000000000000000000000040bba8b1c1140defc330c79e4bcbd2cc40e7a380000000000000000000000000000000000000000000000000000000000000020000000000000000000000000000000000000000000000000000000000000000000000000000000000000000000000000000000000000000000000000000000000000000000000000000000000000000000000000000000000000000000000000023d235ef0000000000000000000000000000000000000000000000000000000000000000000000000000000000000000000000000000000000000000000002c00000000000000000000000000000000000000000000000000000000000000040000000000000000000000000000000000000000000000000000000000000000173ad2146000000000000000000000000000000000000000000000000000000000000000000000000000000000000000000000000000000000000000000000040000000000000000000000000000000000000000000000000000000000000004000000000000000000000000057a204aa1042f6e66dd7730813f4024114d74f370000000000000000000000000000000000000000000000000000000000000a9b00000000000000000000000000000000000000000000000000000000000000400000000000000000000000000000000000000000000000001bc16d674ec800008ae85d840000000000000000000000000000000000000000000000000000000000000000000000000000000000000000000000000000000000000000000000400000000000000000000000000000000000000000000000000000000000000020000000000000000000000000c02aaa39b223fe8d0a0e5c4f27ead9083c756cc200000000000000000000000000000000000000000000000000000000000001000000000000000000000000000000000000000000000000000000000000000020000000000000000000000000000000000000000000000000000000000000006000000000000000000000000000000000000000000000000000000000000000800000000000000000000000000000000000000000000000000000000000000001000000000000000000000000000000000000000000000000000000000000000000000000000000000000000000000000000000000000000000000000000000010000000000000000000000001cf0df2a5a20cd61d68d4489eebbf85b8d39e18a00000000000000000000000000000000000000000000000000000000000000fa0000000000000000000000000000000000000000000000000000000000000000,,6373843,76859,2142009,0xe99a3f80,"matchOrders(tuple orderLeft,bytes signatureLeft,tuple orderRight,bytes signatureRight)",0,sent,0x6d88bcae643b32b24d33a0cfe265c4f7bbe40069
20,13831125,1639857112,0x299fca110503537125463ab302d16997ea2132c67a3a469110644553b1f1f0c9,9,0x834d1fa8d383a8592ffdb19a555c561df3287e9bd19a07f9e3ec434d36ade1a6,162,0x6d88bcae643b32b24d33a0cfe265c4f7bbe40069,0x9757f2d2b135150bbeb65308d4a91804107cd8d6,0,332271,64327291232,0,1,0xe99a3f800000000000000000000000000000000000000000000000000000000000000080000000000000000000000000000000000000000000000000000000000000046000000000000000000000000000000000000000000000000000000000000004e000000000000000000000000000000000000000000000000000000000000008c000000000000000000000000040bba8b1c1140defc330c79e4bcbd2cc40e7a3800000000000000000000000000000000000000000000000000000000000000120000000000000000000000000000000000000000000000000000000000000000000000000000000000000000000000000000000000000000000000000000001e04924199b895d254d95f6a25c3c0745a178881fa307d5d822b361d3c0e8560d2c0000000000000000000000000000000000000000000000000000000000000000000000000000000000000000000000000000000000000000000000000000000023d235ef0000000000000000000000000000000000000000000000000000000000000000000000000000000000000000000000000000000000000000000002c000000000000000000000000000000000000000000000000000000000000000400000000000000000000000000000000000000000000000001bc16d674ec800008ae85d840000000000000000000000000000000000000000000000000000000000000000000000000000000000000000000000000000000000000000000000400000000000000000000000000000000000000000000000000000000000000020000000000000000000000000c02aaa39b223fe8d0a0e5c4f27ead9083c756cc20000000000000000000000000000000000000000000000000000000000000040000000000000000000000000000000000000000000000000000000000000000173ad2146000000000000000000000000000000000000000000000000000000000000000000000000000000000000000000000000000000000000000000000040000000000000000000000000000000000000000000000000000000000000004000000000000000000000000057a204aa1042f6e66dd7730813f4024114d74f370000000000000000000000000000000000000000000000000000000000000a9c00000000000000000000000000000000000000000000000000000000000001000000000000000000000000000000000000000000000000000000000000000020000000000000000000000000000000000000000000000000000000000000006000000000000000000000000000000000000000000000000000000000000000800000000000000000000000000000000000000000000000000000000000000000000000000000000000000000000000000000000000000000000000000000000000000000000000000000000000000000000000000000000000000000000000010000000000000000000000001cf0df2a5a20cd61d68d4489eebbf85b8d39e18a00000000000000000000000000000000000000000000000000000000000000fa0000000000000000000000000000000000000000000000000000000000000041aecc990033b59a0d5a60a4489ac2d53f13e621ec60d268ad1923997f7352ca3f148ee1e8b305ad73e636e7baeb9d6ae8f982bab48fb91bebe479636127c05f7e1b000000000000000000000000000000000000000000000000000000000000000000000000000000000000006d88bcae643b32b24d33a0cfe265c4f7bbe40069000000000000000000000000000000000000000000000000000000000000012000000000000000000000000040bba8b1c1140defc330c79e4bcbd2cc40e7a380000000000000000000000000000000000000000000000000000000000000020000000000000000000000000000000000000000000000000000000000000000000000000000000000000000000000000000000000000000000000000000000000000000000000000000000000000000000000000000000000000000000000000023d235ef0000000000000000000000000000000000000000000000000000000000000000000000000000000000000000000000000000000000000000000002c00000000000000000000000000000000000000000000000000000000000000040000000000000000000000000000000000000000000000000000000000000000173ad2146000000000000000000000000000000000000000000000000000000000000000000000000000000000000000000000000000000000000000000000040000000000000000000000000000000000000000000000000000000000000004000000000000000000000000057a204aa1042f6e66dd7730813f4024114d74f370000000000000000000000000000000000000000000000000000000000000a9c00000000000000000000000000000000000000000000000000000000000000400000000000000000000000000000000000000000000000001bc16d674ec800008ae85d840000000000000000000000000000000000000000000000000000000000000000000000000000000000000000000000000000000000000000000000400000000000000000000000000000000000000000000000000000000000000020000000000000000000000000c02aaa39b223fe8d0a0e5c4f27ead9083c756cc200000000000000000000000000000000000000000000000000000000000001000000000000000000000000000000000000000000000000000000000000000020000000000000000000000000000000000000000000000000000000000000006000000000000000000000000000000000000000000000000000000000000000800000000000000000000000000000000000000000000000000000000000000001000000000000000000000000000000000000000000000000000000000000000000000000000000000000000000000000000000000000000000000000000000010000000000000000000000001cf0df2a5a20cd61d68d4489eebbf85b8d39e18a00000000000000000000000000000000000000000000000000000000000000fa0000000000000000000000000000000000000000000000000000000000000000,,8640536,318177,2142005,0xe99a3f80,"matchOrders(tuple orderLeft,bytes signatureLeft,tuple orderRight,bytes signatureRight)",0,sent,0x6d88bcae643b32b24d33a0cfe265c4f7bbe40069
21,13831129,1639857186,0x89cf052a5c3a2158070f98a54ee84b7e995f64b657e7e888dcf98969771cdd60,4946,0x818023670e38b943de3439b967aa2314950a185f64be04db1b060c9b418ee565,96,0xf521bb7437bec77b0b15286dc3f49a87b9946773,0x6d88bcae643b32b24d33a0cfe265c4f7bbe40069,170000000000000000,21000,60963891916,0,1,0x,,9489474,21000,2142001,0x,,0.17,received,0x6d88bcae643b32b24d33a0cfe265c4f7bbe40069
22,13831285,1639859313,0x9e4c25dfcc0b498691e5a10802f4247205942bdc0336cf70650465e37f301043,10,0x9a8897ac71da10ece828fe93259689e62bf5f91788d9e75943f218ed3fe65558,153,0x6d88bcae643b32b24d33a0cfe265c4f7bbe40069,0x9757f2d2b135150bbeb65308d4a91804107cd8d6,0,332288,59532751613,0,1,0xe99a3f800000000000000000000000000000000000000000000000000000000000000080000000000000000000000000000000000000000000000000000000000000046000000000000000000000000000000000000000000000000000000000000004e000000000000000000000000000000000000000000000000000000000000008c00000000000000000000000001b52a2f30b17b1036b9b289a057c72380c3c4a3a0000000000000000000000000000000000000000000000000000000000000120000000000000000000000000000000000000000000000000000000000000000000000000000000000000000000000000000000000000000000000000000001e00486a8e03df9e596c288ff3caf770b89d534950bf41ff942f8e45d9c563d84630000000000000000000000000000000000000000000000000000000000000000000000000000000000000000000000000000000000000000000000000000000023d235ef0000000000000000000000000000000000000000000000000000000000000000000000000000000000000000000000000000000000000000000002c000000000000000000000000000000000000000000000000000000000000000400000000000000000000000000000000000000000000000000de0b6b3a76400008ae85d840000000000000000000000000000000000000000000000000000000000000000000000000000000000000000000000000000000000000000000000400000000000000000000000000000000000000000000000000000000000000020000000000000000000000000c02aaa39b223fe8d0a0e5c4f27ead9083c756cc20000000000000000000000000000000000000000000000000000000000000040000000000000000000000000000000000000000000000000000000000000000173ad2146000000000000000000000000000000000000000000000000000000000000000000000000000000000000000000000000000000000000000000000040000000000000000000000000000000000000000000000000000000000000004000000000000000000000000057a204aa1042f6e66dd7730813f4024114d74f370000000000000000000000000000000000000000000000000000000000000c0b00000000000000000000000000000000000000000000000000000000000001000000000000000000000000000000000000000000000000000000000000000020000000000000000000000000000000000000000000000000000000000000006000000000000000000000000000000000000000000000000000000000000000800000000000000000000000000000000000000000000000000000000000000000000000000000000000000000000000000000000000000000000000000000000000000000000000000000000000000000000000000000000000000000000000010000000000000000000000001cf0df2a5a20cd61d68d4489eebbf85b8d39e18a00000000000000000000000000000000000000000000000000000000000000fa0000000000000000000000000000000000000000000000000000000000000041490bbe7dd3ef9400891677196c316802a614ba09177c3ebd1c3c12e8b60d2a2e64c66453714526b96a4a8972c5a396805c59a2bec4f4e64eaaf9cb856f91e6411c000000000000000000000000000000000000000000000000000000000000000000000000000000000000006d88bcae643b32b24d33a0cfe265c4f7bbe4006900000000000000000000000000000000000000000000000000000000000001200000000000000000000000001b52a2f30b17b1036b9b289a057c72380c3c4a3a000000000000000000000000000000000000000000000000000000000000020000000000000000000000000000000000000000000000000000000000000000000000000000000000000000000000000000000000000000000000000000000000000000000000000000000000000000000000000000000000000000000000000023d235ef0000000000000000000000000000000000000000000000000000000000000000000000000000000000000000000000000000000000000000000002c00000000000000000000000000000000000000000000000000000000000000040000000000000000000000000000000000000000000000000000000000000000173ad2146000000000000000000000000000000000000000000000000000000000000000000000000000000000000000000000000000000000000000000000040000000000000000000000000000000000000000000000000000000000000004000000000000000000000000057a204aa1042f6e66dd7730813f4024114d74f370000000000000000000000000000000000000000000000000000000000000c0b00000000000000000000000000000000000000000000000000000000000000400000000000000000000000000000000000000000000000000de0b6b3a76400008ae85d840000000000000000000000000000000000000000000000000000000000000000000000000000000000000000000000000000000000000000000000400000000000000000000000000000000000000000000000000000000000000020000000000000000000000000c02aaa39b223fe8d0a0e5c4f27ead9083c756cc200000000000000000000000000000000000000000000000000000000000001000000000000000000000000000000000000000000000000000000000000000020000000000000000000000000000000000000000000000000000000000000006000000000000000000000000000000000000000000000000000000000000000800000000000000000000000000000000000000000000000000000000000000001000000000000000000000000000000000000000000000000000000000000000000000000000000000000000000000000000000000000000000000000000000010000000000000000000000001cf0df2a5a20cd61d68d4489eebbf85b8d39e18a00000000000000000000000000000000000000000000000000000000000000fa0000000000000000000000000000000000000000000000000000000000000000,,12421232,313394,2141845,0xe99a3f80,"matchOrders(tuple orderLeft,bytes signatureLeft,tuple orderRight,bytes signatureRight)",0,sent,0x6d88bcae643b32b24d33a0cfe265c4f7bbe40069
23,13831287,1639859358,0x00974903dba071d1b698f6d817dbfe93a43560f9ca344bdd48bae81ea03d5776,11,0x4c2be32ce0129df66a97cf75c6809c350b545c922e8cae7245b53fd80b8994d8,51,0x6d88bcae643b32b24d33a0cfe265c4f7bbe40069,0x9757f2d2b135150bbeb65308d4a91804107cd8d6,0,332276,68501340808,0,1,0xe99a3f800000000000000000000000000000000000000000000000000000000000000080000000000000000000000000000000000000000000000000000000000000046000000000000000000000000000000000000000000000000000000000000004e000000000000000000000000000000000000000000000000000000000000008c0000000000000000000000000cf525a5450fae40600da1b9c483bb1cd17d86acd0000000000000000000000000000000000000000000000000000000000000120000000000000000000000000000000000000000000000000000000000000000000000000000000000000000000000000000000000000000000000000000001e02a172e5b06c9deca5653be88b4363af729572d8457f7e24f33cf302b1c0a69800000000000000000000000000000000000000000000000000000000000000000000000000000000000000000000000000000000000000000000000000000000023d235ef0000000000000000000000000000000000000000000000000000000000000000000000000000000000000000000000000000000000000000000002c0000000000000000000000000000000000000000000000000000000000000004000000000000000000000000000000000000000000000000032a3da2ab16680008ae85d840000000000000000000000000000000000000000000000000000000000000000000000000000000000000000000000000000000000000000000000400000000000000000000000000000000000000000000000000000000000000020000000000000000000000000c02aaa39b223fe8d0a0e5c4f27ead9083c756cc20000000000000000000000000000000000000000000000000000000000000040000000000000000000000000000000000000000000000000000000000000000173ad2146000000000000000000000000000000000000000000000000000000000000000000000000000000000000000000000000000000000000000000000040000000000000000000000000000000000000000000000000000000000000004000000000000000000000000057a204aa1042f6e66dd7730813f4024114d74f370000000000000000000000000000000000000000000000000000000000000e6a00000000000000000000000000000000000000000000000000000000000001000000000000000000000000000000000000000000000000000000000000000020000000000000000000000000000000000000000000000000000000000000006000000000000000000000000000000000000000000000000000000000000000800000000000000000000000000000000000000000000000000000000000000000000000000000000000000000000000000000000000000000000000000000000000000000000000000000000000000000000000000000000000000000000000010000000000000000000000001cf0df2a5a20cd61d68d4489eebbf85b8d39e18a00000000000000000000000000000000000000000000000000000000000000fa00000000000000000000000000000000000000000000000000000000000000418f914c97521f88319bdcffed00c84691e35a3af0abee47f85102883ad2437c01004046c4d632e331ed079fd1941c69a1f096593b221fac5cb37730bd9c335f901c000000000000000000000000000000000000000000000000000000000000000000000000000000000000006d88bcae643b32b24d33a0cfe265c4f7bbe400690000000000000000000000000000000000000000000000000000000000000120000000000000000000000000cf525a5450fae40600da1b9c483bb1cd17d86acd000000000000000000000000000000000000000000000000000000000000020000000000000000000000000000000000000000000000000000000000000000000000000000000000000000000000000000000000000000000000000000000000000000000000000000000000000000000000000000000000000000000000000023d235ef0000000000000000000000000000000000000000000000000000000000000000000000000000000000000000000000000000000000000000000002c00000000000000000000000000000000000000000000000000000000000000040000000000000000000000000000000000000000000000000000000000000000173ad2146000000000000000000000000000000000000000000000000000000000000000000000000000000000000000000000000000000000000000000000040000000000000000000000000000000000000000000000000000000000000004000000000000000000000000057a204aa1042f6e66dd7730813f4024114d74f370000000000000000000000000000000000000000000000000000000000000e6a000000000000000000000000000000000000000000000000000000000000004000000000000000000000000000000000000000000000000032a3da2ab16680008ae85d840000000000000000000000000000000000000000000000000000000000000000000000000000000000000000000000000000000000000000000000400000000000000000000000000000000000000000000000000000000000000020000000000000000000000000c02aaa39b223fe8d0a0e5c4f27ead9083c756cc200000000000000000000000000000000000000000000000000000000000001000000000000000000000000000000000000000000000000000000000000000020000000000000000000000000000000000000000000000000000000000000006000000000000000000000000000000000000000000000000000000000000000800000000000000000000000000000000000000000000000000000000000000001000000000000000000000000000000000000000000000000000000000000000000000000000000000000000000000000000000000000000000000000000000010000000000000000000000001cf0df2a5a20cd61d68d4489eebbf85b8d39e18a00000000000000000000000000000000000000000000000000000000000000fa0000000000000000000000000000000000000000000000000000000000000000,,3744070,318182,2141843,0xe99a3f80,"matchOrders(tuple orderLeft,bytes signatureLeft,tuple orderRight,bytes signatureRight)",0,sent,0x6d88bcae643b32b24d33a0cfe265c4f7bbe40069
24,13831372,1639860565,0x37625718d58a73336df907a0819a80f82e2ebc7e963c4398fc76f17bcd5a2fdc,12,0xa051ae95fe381b72ee7da213d1ec3f1bd92a986be76d77896550b7fb24c8379e,27,0x6d88bcae643b32b24d33a0cfe265c4f7bbe40069,0x9757f2d2b135150bbeb65308d4a91804107cd8d6,0,332276,59934354755,0,1,0xe99a3f800000000000000000000000000000000000000000000000000000000000000080000000000000000000000000000000000000000000000000000000000000046000000000000000000000000000000000000000000000000000000000000004e000000000000000000000000000000000000000000000000000000000000008c0000000000000000000000000cf525a5450fae40600da1b9c483bb1cd17d86acd0000000000000000000000000000000000000000000000000000000000000120000000000000000000000000000000000000000000000000000000000000000000000000000000000000000000000000000000000000000000000000000001e04b39b13b42f603ad92df80feebbed968dd9dfe21cf5b71fd1827417b265bd2060000000000000000000000000000000000000000000000000000000000000000000000000000000000000000000000000000000000000000000000000000000023d235ef0000000000000000000000000000000000000000000000000000000000000000000000000000000000000000000000000000000000000000000002c000000000000000000000000000000000000000000000000000000000000000400000000000000000000000000000000000000000000000000c7d713b49da00008ae85d840000000000000000000000000000000000000000000000000000000000000000000000000000000000000000000000000000000000000000000000400000000000000000000000000000000000000000000000000000000000000020000000000000000000000000c02aaa39b223fe8d0a0e5c4f27ead9083c756cc20000000000000000000000000000000000000000000000000000000000000040000000000000000000000000000000000000000000000000000000000000000173ad2146000000000000000000000000000000000000000000000000000000000000000000000000000000000000000000000000000000000000000000000040000000000000000000000000000000000000000000000000000000000000004000000000000000000000000057a204aa1042f6e66dd7730813f4024114d74f370000000000000000000000000000000000000000000000000000000000000b8000000000000000000000000000000000000000000000000000000000000001000000000000000000000000000000000000000000000000000000000000000020000000000000000000000000000000000000000000000000000000000000006000000000000000000000000000000000000000000000000000000000000000800000000000000000000000000000000000000000000000000000000000000000000000000000000000000000000000000000000000000000000000000000000000000000000000000000000000000000000000000000000000000000000000010000000000000000000000001cf0df2a5a20cd61d68d4489eebbf85b8d39e18a00000000000000000000000000000000000000000000000000000000000000fa0000000000000000000000000000000000000000000000000000000000000041108be69008246de855ec308bd6c88df89cd35d664bab65ef9fb0751c52838d6550862e517bca12872504708ceb31f441a7122274d03b11bb4995a5f7567bd8e81c000000000000000000000000000000000000000000000000000000000000000000000000000000000000006d88bcae643b32b24d33a0cfe265c4f7bbe400690000000000000000000000000000000000000000000000000000000000000120000000000000000000000000cf525a5450fae40600da1b9c483bb1cd17d86acd000000000000000000000000000000000000000000000000000000000000020000000000000000000000000000000000000000000000000000000000000000000000000000000000000000000000000000000000000000000000000000000000000000000000000000000000000000000000000000000000000000000000000023d235ef0000000000000000000000000000000000000000000000000000000000000000000000000000000000000000000000000000000000000000000002c00000000000000000000000000000000000000000000000000000000000000040000000000000000000000000000000000000000000000000000000000000000173ad2146000000000000000000000000000000000000000000000000000000000000000000000000000000000000000000000000000000000000000000000040000000000000000000000000000000000000000000000000000000000000004000000000000000000000000057a204aa1042f6e66dd7730813f4024114d74f370000000000000000000000000000000000000000000000000000000000000b8000000000000000000000000000000000000000000000000000000000000000400000000000000000000000000000000000000000000000000c7d713b49da00008ae85d840000000000000000000000000000000000000000000000000000000000000000000000000000000000000000000000000000000000000000000000400000000000000000000000000000000000000000000000000000000000000020000000000000000000000000c02aaa39b223fe8d0a0e5c4f27ead9083c756cc200000000000000000000000000000000000000000000000000000000000001000000000000000000000000000000000000000000000000000000000000000020000000000000000000000000000000000000000000000000000000000000006000000000000000000000000000000000000000000000000000000000000000800000000000000000000000000000000000000000000000000000000000000001000000000000000000000000000000000000000000000000000000000000000000000000000000000000000000000000000000000000000000000000000000010000000000000000000000001cf0df2a5a20cd61d68d4489eebbf85b8d39e18a00000000000000000000000000000000000000000000000000000000000000fa0000000000000000000000000000000000000000000000000000000000000000,,1501926,318182,2141758,0xe99a3f80,"matchOrders(tuple orderLeft,bytes signatureLeft,tuple orderRight,bytes signatureRight)",0,sent,0x6d88bcae643b32b24d33a0cfe265c4f7bbe40069
25,13831373,1639860569,0x82dfa94c01ce8a09ff72ea2bee135897d337ad8c16616292e79c98e968aa156b,13,0x7b5a28f16c633133f09f44758f529f85820b93562965b3d06dbf3428f7146ced,152,0x6d88bcae643b32b24d33a0cfe265c4f7bbe40069,0x9757f2d2b135150bbeb65308d4a91804107cd8d6,0,332264,55798047367,0,1,0xe99a3f800000000000000000000000000000000000000000000000000000000000000080000000000000000000000000000000000000000000000000000000000000046000000000000000000000000000000000000000000000000000000000000004e000000000000000000000000000000000000000000000000000000000000008c0000000000000000000000000cf525a5450fae40600da1b9c483bb1cd17d86acd0000000000000000000000000000000000000000000000000000000000000120000000000000000000000000000000000000000000000000000000000000000000000000000000000000000000000000000000000000000000000000000001e0bcb74979d6092adb57568668a7b0d436de7b8ea92f33cf522435d946e6e245a10000000000000000000000000000000000000000000000000000000000000000000000000000000000000000000000000000000000000000000000000000000023d235ef0000000000000000000000000000000000000000000000000000000000000000000000000000000000000000000000000000000000000000000002c000000000000000000000000000000000000000000000000000000000000000400000000000000000000000000000000000000000000000000de0b6b3a76400008ae85d840000000000000000000000000000000000000000000000000000000000000000000000000000000000000000000000000000000000000000000000400000000000000000000000000000000000000000000000000000000000000020000000000000000000000000c02aaa39b223fe8d0a0e5c4f27ead9083c756cc20000000000000000000000000000000000000000000000000000000000000040000000000000000000000000000000000000000000000000000000000000000173ad2146000000000000000000000000000000000000000000000000000000000000000000000000000000000000000000000000000000000000000000000040000000000000000000000000000000000000000000000000000000000000004000000000000000000000000057a204aa1042f6e66dd7730813f4024114d74f370000000000000000000000000000000000000000000000000000000000000a9f00000000000000000000000000000000000000000000000000000000000001000000000000000000000000000000000000000000000000000000000000000020000000000000000000000000000000000000000000000000000000000000006000000000000000000000000000000000000000000000000000000000000000800000000000000000000000000000000000000000000000000000000000000000000000000000000000000000000000000000000000000000000000000000000000000000000000000000000000000000000000000000000000000000000000010000000000000000000000001cf0df2a5a20cd61d68d4489eebbf85b8d39e18a00000000000000000000000000000000000000000000000000000000000000fa000000000000000000000000000000000000000000000000000000000000004127c3133bc9253589db345436b8a0e1d37a8b4418a68bf7bc7c5eb1da600b9ad46f11c25500465d0a83d7a7c637676c4ca3c35a468b28786062a9e7fefc1985751c000000000000000000000000000000000000000000000000000000000000000000000000000000000000006d88bcae643b32b24d33a0cfe265c4f7bbe400690000000000000000000000000000000000000000000000000000000000000120000000000000000000000000cf525a5450fae40600da1b9c483bb1cd17d86acd000000000000000000000000000000000000000000000000000000000000020000000000000000000000000000000000000000000000000000000000000000000000000000000000000000000000000000000000000000000000000000000000000000000000000000000000000000000000000000000000000000000000000023d235ef0000000000000000000000000000000000000000000000000000000000000000000000000000000000000000000000000000000000000000000002c00000000000000000000000000000000000000000000000000000000000000040000000000000000000000000000000000000000000000000000000000000000173ad2146000000000000000000000000000000000000000000000000000000000000000000000000000000000000000000000000000000000000000000000040000000000000000000000000000000000000000000000000000000000000004000000000000000000000000057a204aa1042f6e66dd7730813f4024114d74f370000000000000000000000000000000000000000000000000000000000000a9f00000000000000000000000000000000000000000000000000000000000000400000000000000000000000000000000000000000000000000de0b6b3a76400008ae85d840000000000000000000000000000000000000000000000000000000000000000000000000000000000000000000000000000000000000000000000400000000000000000000000000000000000000000000000000000000000000020000000000000000000000000c02aaa39b223fe8d0a0e5c4f27ead9083c756cc200000000000000000000000000000000000000000000000000000000000001000000000000000000000000000000000000000000000000000000000000000020000000000000000000000000000000000000000000000000000000000000006000000000000000000000000000000000000000000000000000000000000000800000000000000000000000000000000000000000000000000000000000000001000000000000000000000000000000000000000000000000000000000000000000000000000000000000000000000000000000000000000000000000000000010000000000000000000000001cf0df2a5a20cd61d68d4489eebbf85b8d39e18a00000000000000000000000000000000000000000000000000000000000000fa0000000000000000000000000000000000000000000000000000000000000000,,11635584,318170,2141757,0xe99a3f80,"matchOrders(tuple orderLeft,bytes signatureLeft,tuple orderRight,bytes signatureRight)",0,sent,0x6d88bcae643b32b24d33a0cfe265c4f7bbe40069
26,13831407,1639861072,0x18f484311e46d73206bc95d5618d958110e2e1cc31450c4531918bfc9daba950,14,0xeaeee42bc54bd58caf7ce92e4276bbb115a650edef2e73ba827973be3d68dfbe,70,0x6d88bcae643b32b24d33a0cfe265c4f7bbe40069,0x9757f2d2b135150bbeb65308d4a91804107cd8d6,0,332300,56556224155,0,1,0xe99a3f800000000000000000000000000000000000000000000000000000000000000080000000000000000000000000000000000000000000000000000000000000046000000000000000000000000000000000000000000000000000000000000004e000000000000000000000000000000000000000000000000000000000000008c0000000000000000000000000c031ac97fae8eac6a2fda4f16bcbea0389c031820000000000000000000000000000000000000000000000000000000000000120000000000000000000000000000000000000000000000000000000000000000000000000000000000000000000000000000000000000000000000000000001e0774bdd0aed3fab577056e7e159e4fcab97eb8b6ea61fb487bb344fa4e56095510000000000000000000000000000000000000000000000000000000000000000000000000000000000000000000000000000000000000000000000000000000023d235ef0000000000000000000000000000000000000000000000000000000000000000000000000000000000000000000000000000000000000000000002c0000000000000000000000000000000000000000000000000000000000000004000000000000000000000000000000000000000000000000014d1120d7b1600008ae85d840000000000000000000000000000000000000000000000000000000000000000000000000000000000000000000000000000000000000000000000400000000000000000000000000000000000000000000000000000000000000020000000000000000000000000c02aaa39b223fe8d0a0e5c4f27ead9083c756cc20000000000000000000000000000000000000000000000000000000000000040000000000000000000000000000000000000000000000000000000000000000173ad2146000000000000000000000000000000000000000000000000000000000000000000000000000000000000000000000000000000000000000000000040000000000000000000000000000000000000000000000000000000000000004000000000000000000000000057a204aa1042f6e66dd7730813f4024114d74f370000000000000000000000000000000000000000000000000000000000000d4700000000000000000000000000000000000000000000000000000000000001000000000000000000000000000000000000000000000000000000000000000020000000000000000000000000000000000000000000000000000000000000006000000000000000000000000000000000000000000000000000000000000000800000000000000000000000000000000000000000000000000000000000000000000000000000000000000000000000000000000000000000000000000000000000000000000000000000000000000000000000000000000000000000000000010000000000000000000000001cf0df2a5a20cd61d68d4489eebbf85b8d39e18a00000000000000000000000000000000000000000000000000000000000000fa000000000000000000000000000000000000000000000000000000000000004182a72157bc7ccbbaf72be7809830bd74e382833ee053e567a2a60cfc1da114cc3cb87dd085f793abcbd44338e1bb3ce3e7cfe75618f08de79571ad328f1a0e5f1c000000000000000000000000000000000000000000000000000000000000000000000000000000000000006d88bcae643b32b24d33a0cfe265c4f7bbe400690000000000000000000000000000000000000000000000000000000000000120000000000000000000000000c031ac97fae8eac6a2fda4f16bcbea0389c03182000000000000000000000000000000000000000000000000000000000000020000000000000000000000000000000000000000000000000000000000000000000000000000000000000000000000000000000000000000000000000000000000000000000000000000000000000000000000000000000000000000000000000023d235ef0000000000000000000000000000000000000000000000000000000000000000000000000000000000000000000000000000000000000000000002c00000000000000000000000000000000000000000000000000000000000000040000000000000000000000000000000000000000000000000000000000000000173ad2146000000000000000000000000000000000000000000000000000000000000000000000000000000000000000000000000000000000000000000000040000000000000000000000000000000000000000000000000000000000000004000000000000000000000000057a204aa1042f6e66dd7730813f4024114d74f370000000000000000000000000000000000000000000000000000000000000d47000000000000000000000000000000000000000000000000000000000000004000000000000000000000000000000000000000000000000014d1120d7b1600008ae85d840000000000000000000000000000000000000000000000000000000000000000000000000000000000000000000000000000000000000000000000400000000000000000000000000000000000000000000000000000000000000020000000000000000000000000c02aaa39b223fe8d0a0e5c4f27ead9083c756cc200000000000000000000000000000000000000000000000000000000000001000000000000000000000000000000000000000000000000000000000000000020000000000000000000000000000000000000000000000000000000000000006000000000000000000000000000000000000000000000000000000000000000800000000000000000000000000000000000000000000000000000000000000001000000000000000000000000000000000000000000000000000000000000000000000000000000000000000000000000000000000000000000000000000000010000000000000000000000001cf0df2a5a20cd61d68d4489eebbf85b8d39e18a00000000000000000000000000000000000000000000000000000000000000fa0000000000000000000000000000000000000000000000000000000000000000,,5677547,318206,2141723,0xe99a3f80,"matchOrders(tuple orderLeft,bytes signatureLeft,tuple orderRight,bytes signatureRight)",0,sent,0x6d88bcae643b32b24d33a0cfe265c4f7bbe40069
27,13831411,1639861100,0x3cb05a99b661f69a7148256dcde2df622b145893bb8aab0335c299a8d5a02bbe,15,0x5e2713d305b6a0784083dad8a5347f8f031e1627c6c280397c7be49ec8bb5916,125,0x6d88bcae643b32b24d33a0cfe265c4f7bbe40069,0x9757f2d2b135150bbeb65308d4a91804107cd8d6,0,332283,51498368506,0,1,0xe99a3f800000000000000000000000000000000000000000000000000000000000000080000000000000000000000000000000000000000000000000000000000000046000000000000000000000000000000000000000000000000000000000000004e000000000000000000000000000000000000000000000000000000000000008c0000000000000000000000000c031ac97fae8eac6a2fda4f16bcbea0389c031820000000000000000000000000000000000000000000000000000000000000120000000000000000000000000000000000000000000000000000000000000000000000000000000000000000000000000000000000000000000000000000001e025dab54aef687d12f2189da8b4f7b9a012689c36feee050e64584a37ed4c121b0000000000000000000000000000000000000000000000000000000000000000000000000000000000000000000000000000000000000000000000000000000023d235ef0000000000000000000000000000000000000000000000000000000000000000000000000000000000000000000000000000000000000000000002c0000000000000000000000000000000000000000000000000000000000000004000000000000000000000000000000000000000000000000014d1120d7b1600008ae85d840000000000000000000000000000000000000000000000000000000000000000000000000000000000000000000000000000000000000000000000400000000000000000000000000000000000000000000000000000000000000020000000000000000000000000c02aaa39b223fe8d0a0e5c4f27ead9083c756cc20000000000000000000000000000000000000000000000000000000000000040000000000000000000000000000000000000000000000000000000000000000173ad2146000000000000000000000000000000000000000000000000000000000000000000000000000000000000000000000000000000000000000000000040000000000000000000000000000000000000000000000000000000000000004000000000000000000000000057a204aa1042f6e66dd7730813f4024114d74f370000000000000000000000000000000000000000000000000000000000000b8200000000000000000000000000000000000000000000000000000000000001000000000000000000000000000000000000000000000000000000000000000020000000000000000000000000000000000000000000000000000000000000006000000000000000000000000000000000000000000000000000000000000000800000000000000000000000000000000000000000000000000000000000000000000000000000000000000000000000000000000000000000000000000000000000000000000000000000000000000000000000000000000000000000000000010000000000000000000000001cf0df2a5a20cd61d68d4489eebbf85b8d39e18a00000000000000000000000000000000000000000000000000000000000000fa0000000000000000000000000000000000000000000000000000000000000041ff3697d9ea7db554fb4ad8ae07bc84787a0eacbd8e89055c6808962a18ff727f5a299a68da144d857784ced9d59dfa9e4184590cf2318e043faadc220bf9d2b61b000000000000000000000000000000000000000000000000000000000000000000000000000000000000006d88bcae643b32b24d33a0cfe265c4f7bbe400690000000000000000000000000000000000000000000000000000000000000120000000000000000000000000c031ac97fae8eac6a2fda4f16bcbea0389c03182000000000000000000000000000000000000000000000000000000000000020000000000000000000000000000000000000000000000000000000000000000000000000000000000000000000000000000000000000000000000000000000000000000000000000000000000000000000000000000000000000000000000000023d235ef0000000000000000000000000000000000000000000000000000000000000000000000000000000000000000000000000000000000000000000002c00000000000000000000000000000000000000000000000000000000000000040000000000000000000000000000000000000000000000000000000000000000173ad2146000000000000000000000000000000000000000000000000000000000000000000000000000000000000000000000000000000000000000000000040000000000000000000000000000000000000000000000000000000000000004000000000000000000000000057a204aa1042f6e66dd7730813f4024114d74f370000000000000000000000000000000000000000000000000000000000000b82000000000000000000000000000000000000000000000000000000000000004000000000000000000000000000000000000000000000000014d1120d7b1600008ae85d840000000000000000000000000000000000000000000000000000000000000000000000000000000000000000000000000000000000000000000000400000000000000000000000000000000000000000000000000000000000000020000000000000000000000000c02aaa39b223fe8d0a0e5c4f27ead9083c756cc200000000000000000000000000000000000000000000000000000000000001000000000000000000000000000000000000000000000000000000000000000020000000000000000000000000000000000000000000000000000000000000006000000000000000000000000000000000000000000000000000000000000000800000000000000000000000000000000000000000000000000000000000000001000000000000000000000000000000000000000000000000000000000000000000000000000000000000000000000000000000000000000000000000000000010000000000000000000000001cf0df2a5a20cd61d68d4489eebbf85b8d39e18a00000000000000000000000000000000000000000000000000000000000000fa0000000000000000000000000000000000000000000000000000000000000000,,11980977,313389,2141719,0xe99a3f80,"matchOrders(tuple orderLeft,bytes signatureLeft,tuple orderRight,bytes signatureRight)",0,sent,0x6d88bcae643b32b24d33a0cfe265c4f7bbe40069
28,13831425,1639861258,0xd19a53156e782f8c7805e010596f742f4b7bb4fee290596ff8ac31c1767cb3f7,16,0x09768757c2d55a0569ec09e4d3548d73c4e909e65090cf3e366d9a9cee494343,112,0x6d88bcae643b32b24d33a0cfe265c4f7bbe40069,0x9757f2d2b135150bbeb65308d4a91804107cd8d6,0,332300,52217996506,0,1,0xe99a3f800000000000000000000000000000000000000000000000000000000000000080000000000000000000000000000000000000000000000000000000000000046000000000000000000000000000000000000000000000000000000000000004e000000000000000000000000000000000000000000000000000000000000008c0000000000000000000000000c031ac97fae8eac6a2fda4f16bcbea0389c031820000000000000000000000000000000000000000000000000000000000000120000000000000000000000000000000000000000000000000000000000000000000000000000000000000000000000000000000000000000000000000000001e055d80ea5c2b5b13a22f7938442d66483160b7aa906a119454fa89e9137a314f30000000000000000000000000000000000000000000000000000000000000000000000000000000000000000000000000000000000000000000000000000000023d235ef0000000000000000000000000000000000000000000000000000000000000000000000000000000000000000000000000000000000000000000002c000000000000000000000000000000000000000000000000000000000000000400000000000000000000000000000000000000000000000000de0b6b3a76400008ae85d840000000000000000000000000000000000000000000000000000000000000000000000000000000000000000000000000000000000000000000000400000000000000000000000000000000000000000000000000000000000000020000000000000000000000000c02aaa39b223fe8d0a0e5c4f27ead9083c756cc20000000000000000000000000000000000000000000000000000000000000040000000000000000000000000000000000000000000000000000000000000000173ad2146000000000000000000000000000000000000000000000000000000000000000000000000000000000000000000000000000000000000000000000040000000000000000000000000000000000000000000000000000000000000004000000000000000000000000057a204aa1042f6e66dd7730813f4024114d74f370000000000000000000000000000000000000000000000000000000000000c8900000000000000000000000000000000000000000000000000000000000001000000000000000000000000000000000000000000000000000000000000000020000000000000000000000000000000000000000000000000000000000000006000000000000000000000000000000000000000000000000000000000000000800000000000000000000000000000000000000000000000000000000000000000000000000000000000000000000000000000000000000000000000000000000000000000000000000000000000000000000000000000000000000000000000010000000000000000000000001cf0df2a5a20cd61d68d4489eebbf85b8d39e18a00000000000000000000000000000000000000000000000000000000000000fa00000000000000000000000000000000000000000000000000000000000000412561759ab37214300bb68a7298fb6e82285ba541c1450549060acfb5c1ea74b765dec4ae7a6cf74752668ddcf9a65529b80f7916148e438391b47d24ba447e4a1c000000000000000000000000000000000000000000000000000000000000000000000000000000000000006d88bcae643b32b24d33a0cfe265c4f7bbe400690000000000000000000000000000000000000000000000000000000000000120000000000000000000000000c031ac97fae8eac6a2fda4f16bcbea0389c03182000000000000000000000000000000000000000000000000000000000000020000000000000000000000000000000000000000000000000000000000000000000000000000000000000000000000000000000000000000000000000000000000000000000000000000000000000000000000000000000000000000000000000023d235ef0000000000000000000000000000000000000000000000000000000000000000000000000000000000000000000000000000000000000000000002c00000000000000000000000000000000000000000000000000000000000000040000000000000000000000000000000000000000000000000000000000000000173ad2146000000000000000000000000000000000000000000000000000000000000000000000000000000000000000000000000000000000000000000000040000000000000000000000000000000000000000000000000000000000000004000000000000000000000000057a204aa1042f6e66dd7730813f4024114d74f370000000000000000000000000000000000000000000000000000000000000c8900000000000000000000000000000000000000000000000000000000000000400000000000000000000000000000000000000000000000000de0b6b3a76400008ae85d840000000000000000000000000000000000000000000000000000000000000000000000000000000000000000000000000000000000000000000000400000000000000000000000000000000000000000000000000000000000000020000000000000000000000000c02aaa39b223fe8d0a0e5c4f27ead9083c756cc200000000000000000000000000000000000000000000000000000000000001000000000000000000000000000000000000000000000000000000000000000020000000000000000000000000000000000000000000000000000000000000006000000000000000000000000000000000000000000000000000000000000000800000000000000000000000000000000000000000000000000000000000000001000000000000000000000000000000000000000000000000000000000000000000000000000000000000000000000000000000000000000000000000000000010000000000000000000000001cf0df2a5a20cd61d68d4489eebbf85b8d39e18a00000000000000000000000000000000000000000000000000000000000000fa0000000000000000000000000000000000000000000000000000000000000000,,7295868,313406,2141705,0xe99a3f80,"matchOrders(tuple orderLeft,bytes signatureLeft,tuple orderRight,bytes signatureRight)",0,sent,0x6d88bcae643b32b24d33a0cfe265c4f7bbe40069
29,13831431,1639861344,0x19127026b15ab184fd2b7375ec250c7af0471e824665652b2973541183fc6559,17,0x7970e115e4b96ad5842086685c99e5d140e2789fdf45aec77493bb5316f31533,62,0x6d88bcae643b32b24d33a0cfe265c4f7bbe40069,0x9757f2d2b135150bbeb65308d4a91804107cd8d6,0,322327,55320855171,0,1,0xe99a3f800000000000000000000000000000000000000000000000000000000000000080000000000000000000000000000000000000000000000000000000000000046000000000000000000000000000000000000000000000000000000000000004e000000000000000000000000000000000000000000000000000000000000008c0000000000000000000000000c031ac97fae8eac6a2fda4f16bcbea0389c031820000000000000000000000000000000000000000000000000000000000000120000000000000000000000000000000000000000000000000000000000000000000000000000000000000000000000000000000000000000000000000000001e0315b0eb3f69cde16c031c128fe7ae7f113080f66f468aaf6c28b21fcb973a2fd0000000000000000000000000000000000000000000000000000000000000000000000000000000000000000000000000000000000000000000000000000000023d235ef0000000000000000000000000000000000000000000000000000000000000000000000000000000000000000000000000000000000000000000002c000000000000000000000000000000000000000000000000000000000000000400000000000000000000000000000000000000000000000000de0b6b3a76400008ae85d840000000000000000000000000000000000000000000000000000000000000000000000000000000000000000000000000000000000000000000000400000000000000000000000000000000000000000000000000000000000000020000000000000000000000000c02aaa39b223fe8d0a0e5c4f27ead9083c756cc20000000000000000000000000000000000000000000000000000000000000040000000000000000000000000000000000000000000000000000000000000000173ad2146000000000000000000000000000000000000000000000000000000000000000000000000000000000000000000000000000000000000000000000040000000000000000000000000000000000000000000000000000000000000004000000000000000000000000057a204aa1042f6e66dd7730813f4024114d74f370000000000000000000000000000000000000000000000000000000000000a9d00000000000000000000000000000000000000000000000000000000000001000000000000000000000000000000000000000000000000000000000000000020000000000000000000000000000000000000000000000000000000000000006000000000000000000000000000000000000000000000000000000000000000800000000000000000000000000000000000000000000000000000000000000000000000000000000000000000000000000000000000000000000000000000000000000000000000000000000000000000000000000000000000000000000000010000000000000000000000001cf0df2a5a20cd61d68d4489eebbf85b8d39e18a00000000000000000000000000000000000000000000000000000000000000fa000000000000000000000000000000000000000000000000000000000000004111a989497ea492ec3a3f11aeddb612e8a78d4b9ca2cf699f8230aa690ef8131822614c570774ef96be54db08c00525ca314c2a3ec4e5822ff254c297b863bbaf1b000000000000000000000000000000000000000000000000000000000000000000000000000000000000006d88bcae643b32b24d33a0cfe265c4f7bbe400690000000000000000000000000000000000000000000000000000000000000120000000000000000000000000c031ac97fae8eac6a2fda4f16bcbea0389c03182000000000000000000000000000000000000000000000000000000000000020000000000000000000000000000000000000000000000000000000000000000000000000000000000000000000000000000000000000000000000000000000000000000000000000000000000000000000000000000000000000000000000000023d235ef0000000000000000000000000000000000000000000000000000000000000000000000000000000000000000000000000000000000000000000002c00000000000000000000000000000000000000000000000000000000000000040000000000000000000000000000000000000000000000000000000000000000173ad2146000000000000000000000000000000000000000000000000000000000000000000000000000000000000000000000000000000000000000000000040000000000000000000000000000000000000000000000000000000000000004000000000000000000000000057a204aa1042f6e66dd7730813f4024114d74f370000000000000000000000000000000000000000000000000000000000000a9d00000000000000000000000000000000000000000000000000000000000000400000000000000000000000000000000000000000000000000de0b6b3a76400008ae85d840000000000000000000000000000000000000000000000000000000000000000000000000000000000000000000000000000000000000000000000400000000000000000000000000000000000000000000000000000000000000020000000000000000000000000c02aaa39b223fe8d0a0e5c4f27ead9083c756cc200000000000000000000000000000000000000000000000000000000000001000000000000000000000000000000000000000000000000000000000000000020000000000000000000000000000000000000000000000000000000000000006000000000000000000000000000000000000000000000000000000000000000800000000000000000000000000000000000000000000000000000000000000001000000000000000000000000000000000000000000000000000000000000000000000000000000000000000000000000000000000000000000000000000000010000000000000000000000001cf0df2a5a20cd61d68d4489eebbf85b8d39e18a00000000000000000000000000000000000000000000000000000000000000fa0000000000000000000000000000000000000000000000000000000000000000,,5433625,308389,2141699,0xe99a3f80,"matchOrders(tuple orderLeft,bytes signatureLeft,tuple orderRight,bytes signatureRight)",0,sent,0x6d88bcae643b32b24d33a0cfe265c4f7bbe40069
30,13831434,1639861369,0x54fd3bd58db4b1032eb932b7aa92ff3a22a5b5f6505ef347aeae10f955ced462,18,0x3f60f8b9aa437679ef90a94749f0da9fed5aa552ce7c9e56592a6c2b460221d5,97,0x6d88bcae643b32b24d33a0cfe265c4f7bbe40069,0x9757f2d2b135150bbeb65308d4a91804107cd8d6,0,332300,47236357694,0,1,0xe99a3f800000000000000000000000000000000000000000000000000000000000000080000000000000000000000000000000000000000000000000000000000000046000000000000000000000000000000000000000000000000000000000000004e000000000000000000000000000000000000000000000000000000000000008c0000000000000000000000000c031ac97fae8eac6a2fda4f16bcbea0389c031820000000000000000000000000000000000000000000000000000000000000120000000000000000000000000000000000000000000000000000000000000000000000000000000000000000000000000000000000000000000000000000001e0c841f66454c4e072f37c4bb386a9b7989dab71a78ef6261991d78997b5d66b470000000000000000000000000000000000000000000000000000000000000000000000000000000000000000000000000000000000000000000000000000000023d235ef0000000000000000000000000000000000000000000000000000000000000000000000000000000000000000000000000000000000000000000002c000000000000000000000000000000000000000000000000000000000000000400000000000000000000000000000000000000000000000000de0b6b3a76400008ae85d840000000000000000000000000000000000000000000000000000000000000000000000000000000000000000000000000000000000000000000000400000000000000000000000000000000000000000000000000000000000000020000000000000000000000000c02aaa39b223fe8d0a0e5c4f27ead9083c756cc20000000000000000000000000000000000000000000000000000000000000040000000000000000000000000000000000000000000000000000000000000000173ad2146000000000000000000000000000000000000000000000000000000000000000000000000000000000000000000000000000000000000000000000040000000000000000000000000000000000000000000000000000000000000004000000000000000000000000057a204aa1042f6e66dd7730813f4024114d74f370000000000000000000000000000000000000000000000000000000000000aa100000000000000000000000000000000000000000000000000000000000001000000000000000000000000000000000000000000000000000000000000000020000000000000000000000000000000000000000000000000000000000000006000000000000000000000000000000000000000000000000000000000000000800000000000000000000000000000000000000000000000000000000000000000000000000000000000000000000000000000000000000000000000000000000000000000000000000000000000000000000000000000000000000000000000010000000000000000000000001cf0df2a5a20cd61d68d4489eebbf85b8d39e18a00000000000000000000000000000000000000000000000000000000000000fa00000000000000000000000000000000000000000000000000000000000000411d99b163e0e3e482a7e087c3da452a18c009e6ef63f8d087bc16094582178d7c2cff34ef26c6a2bf25e86733e12938fdf9d724c99dc32383977a5371796a34741c000000000000000000000000000000000000000000000000000000000000000000000000000000000000006d88bcae643b32b24d33a0cfe265c4f7bbe400690000000000000000000000000000000000000000000000000000000000000120000000000000000000000000c031ac97fae8eac6a2fda4f16bcbea0389c03182000000000000000000000000000000000000000000000000000000000000020000000000000000000000000000000000000000000000000000000000000000000000000000000000000000000000000000000000000000000000000000000000000000000000000000000000000000000000000000000000000000000000000023d235ef0000000000000000000000000000000000000000000000000000000000000000000000000000000000000000000000000000000000000000000002c00000000000000000000000000000000000000000000000000000000000000040000000000000000000000000000000000000000000000000000000000000000173ad2146000000000000000000000000000000000000000000000000000000000000000000000000000000000000000000000000000000000000000000000040000000000000000000000000000000000000000000000000000000000000004000000000000000000000000057a204aa1042f6e66dd7730813f4024114d74f370000000000000000000000000000000000000000000000000000000000000aa100000000000000000000000000000000000000000000000000000000000000400000000000000000000000000000000000000000000000000de0b6b3a76400008ae85d840000000000000000000000000000000000000000000000000000000000000000000000000000000000000000000000000000000000000000000000400000000000000000000000000000000000000000000000000000000000000020000000000000000000000000c02aaa39b223fe8d0a0e5c4f27ead9083c756cc200000000000000000000000000000000000000000000000000000000000001000000000000000000000000000000000000000000000000000000000000000020000000000000000000000000000000000000000000000000000000000000006000000000000000000000000000000000000000000000000000000000000000800000000000000000000000000000000000000000000000000000000000000001000000000000000000000000000000000000000000000000000000000000000000000000000000000000000000000000000000000000000000000000000000010000000000000000000000001cf0df2a5a20cd61d68d4489eebbf85b8d39e18a00000000000000000000000000000000000000000000000000000000000000fa0000000000000000000000000000000000000000000000000000000000000000,,7454416,318206,2141696,0xe99a3f80,"matchOrders(tuple orderLeft,bytes signatureLeft,tuple orderRight,bytes signatureRight)",0,sent,0x6d88bcae643b32b24d33a0cfe265c4f7bbe40069
31,13831435,1639861388,0x8fa7da4a5ab78cec7669aa8b86d28bdc45ab3352d640522bc3d2341765aa76ed,19,0x95bc929fc466cf7e4cc39d3b8821d206c6a7c613fb12f60374a825ea02f76188,105,0x6d88bcae643b32b24d33a0cfe265c4f7bbe40069,0x9757f2d2b135150bbeb65308d4a91804107cd8d6,0,332259,51874654979,0,1,0xe99a3f800000000000000000000000000000000000000000000000000000000000000080000000000000000000000000000000000000000000000000000000000000046000000000000000000000000000000000000000000000000000000000000004e000000000000000000000000000000000000000000000000000000000000008c0000000000000000000000000c031ac97fae8eac6a2fda4f16bcbea0389c031820000000000000000000000000000000000000000000000000000000000000120000000000000000000000000000000000000000000000000000000000000000000000000000000000000000000000000000000000000000000000000000001e00e624d55bca6562b69eb1232b3f13a4e46b6480b7839c32ae2954a3ededd98970000000000000000000000000000000000000000000000000000000000000000000000000000000000000000000000000000000000000000000000000000000023d235ef0000000000000000000000000000000000000000000000000000000000000000000000000000000000000000000000000000000000000000000002c000000000000000000000000000000000000000000000000000000000000000400000000000000000000000000000000000000000000000000de0b6b3a76400008ae85d840000000000000000000000000000000000000000000000000000000000000000000000000000000000000000000000000000000000000000000000400000000000000000000000000000000000000000000000000000000000000020000000000000000000000000c02aaa39b223fe8d0a0e5c4f27ead9083c756cc20000000000000000000000000000000000000000000000000000000000000040000000000000000000000000000000000000000000000000000000000000000173ad2146000000000000000000000000000000000000000000000000000000000000000000000000000000000000000000000000000000000000000000000040000000000000000000000000000000000000000000000000000000000000004000000000000000000000000057a204aa1042f6e66dd7730813f4024114d74f370000000000000000000000000000000000000000000000000000000000000b8100000000000000000000000000000000000000000000000000000000000001000000000000000000000000000000000000000000000000000000000000000020000000000000000000000000000000000000000000000000000000000000006000000000000000000000000000000000000000000000000000000000000000800000000000000000000000000000000000000000000000000000000000000000000000000000000000000000000000000000000000000000000000000000000000000000000000000000000000000000000000000000000000000000000000010000000000000000000000001cf0df2a5a20cd61d68d4489eebbf85b8d39e18a00000000000000000000000000000000000000000000000000000000000000fa0000000000000000000000000000000000000000000000000000000000000041690125a32753d0d5a2aebe9090cdc92e481c00678e63ca52d23839850799cab653d830fd5a5c54f00e2605b7eda94f40f7160a5a687d0be4ab4d00b66ab31be01b000000000000000000000000000000000000000000000000000000000000000000000000000000000000006d88bcae643b32b24d33a0cfe265c4f7bbe400690000000000000000000000000000000000000000000000000000000000000120000000000000000000000000c031ac97fae8eac6a2fda4f16bcbea0389c03182000000000000000000000000000000000000000000000000000000000000020000000000000000000000000000000000000000000000000000000000000000000000000000000000000000000000000000000000000000000000000000000000000000000000000000000000000000000000000000000000000000000000000023d235ef0000000000000000000000000000000000000000000000000000000000000000000000000000000000000000000000000000000000000000000002c00000000000000000000000000000000000000000000000000000000000000040000000000000000000000000000000000000000000000000000000000000000173ad2146000000000000000000000000000000000000000000000000000000000000000000000000000000000000000000000000000000000000000000000040000000000000000000000000000000000000000000000000000000000000004000000000000000000000000057a204aa1042f6e66dd7730813f4024114d74f370000000000000000000000000000000000000000000000000000000000000b8100000000000000000000000000000000000000000000000000000000000000400000000000000000000000000000000000000000000000000de0b6b3a76400008ae85d840000000000000000000000000000000000000000000000000000000000000000000000000000000000000000000000000000000000000000000000400000000000000000000000000000000000000000000000000000000000000020000000000000000000000000c02aaa39b223fe8d0a0e5c4f27ead9083c756cc200000000000000000000000000000000000000000000000000000000000001000000000000000000000000000000000000000000000000000000000000000020000000000000000000000000000000000000000000000000000000000000006000000000000000000000000000000000000000000000000000000000000000800000000000000000000000000000000000000000000000000000000000000001000000000000000000000000000000000000000000000000000000000000000000000000000000000000000000000000000000000000000000000000000000010000000000000000000000001cf0df2a5a20cd61d68d4489eebbf85b8d39e18a00000000000000000000000000000000000000000000000000000000000000fa0000000000000000000000000000000000000000000000000000000000000000,,7062251,313365,2141695,0xe99a3f80,"matchOrders(tuple orderLeft,bytes signatureLeft,tuple orderRight,bytes signatureRight)",0,sent,0x6d88bcae643b32b24d33a0cfe265c4f7bbe40069
32,13831447,1639861509,0xad5cf80dba901037503954310032be3b4d98d70e8f753e8430ff723c01d9c61f,20,0xdccd7f93e9d93abdc6972902d949e1769ec661633374c96233d14bc335d25ec0,241,0x6d88bcae643b32b24d33a0cfe265c4f7bbe40069,0x7ea3cca10668b8346aec0bf1844a49e995527c8b,0,46444,43747653522,0,1,0xa22cb4650000000000000000000000004fee7b061c97c9c496b01dbce9cdb10c02f0a0be0000000000000000000000000000000000000000000000000000000000000001,,18942954,46444,2141683,0xa22cb465,"setApprovalForAll(address operator, bool authorized)",0,sent,0x6d88bcae643b32b24d33a0cfe265c4f7bbe40069
33,13831464,1639861805,0x80b4320b6748e06c4ad409c8f8393dc0b58ffe0665913598678fd6bf34171aa9,21,0x5432fa31ed76acbfdab8e8dfd2c9d166125d4a2b0a924d8adf7728b5cb4551fc,100,0x6d88bcae643b32b24d33a0cfe265c4f7bbe40069,0x9757f2d2b135150bbeb65308d4a91804107cd8d6,0,339716,55301090156,0,1,0xe99a3f800000000000000000000000000000000000000000000000000000000000000080000000000000000000000000000000000000000000000000000000000000046000000000000000000000000000000000000000000000000000000000000004e000000000000000000000000000000000000000000000000000000000000008c000000000000000000000000009df916d03a003b5edac1f09c2213c6fe17dda050000000000000000000000000000000000000000000000000000000000000120000000000000000000000000000000000000000000000000000000000000000000000000000000000000000000000000000000000000000000000000000001e069aec130f3373545db157dd0cc9681594d6c8faca55d093c22bcde0dbbc96ef60000000000000000000000000000000000000000000000000000000000000000000000000000000000000000000000000000000000000000000000000000000023d235ef0000000000000000000000000000000000000000000000000000000000000000000000000000000000000000000000000000000000000000000002c000000000000000000000000000000000000000000000000000000000000000400000000000000000000000000000000000000000000000001bc16d674ec800008ae85d840000000000000000000000000000000000000000000000000000000000000000000000000000000000000000000000000000000000000000000000400000000000000000000000000000000000000000000000000000000000000020000000000000000000000000c02aaa39b223fe8d0a0e5c4f27ead9083c756cc20000000000000000000000000000000000000000000000000000000000000040000000000000000000000000000000000000000000000000000000000000000173ad2146000000000000000000000000000000000000000000000000000000000000000000000000000000000000000000000000000000000000000000000040000000000000000000000000000000000000000000000000000000000000004000000000000000000000000057a204aa1042f6e66dd7730813f4024114d74f370000000000000000000000000000000000000000000000000000000000000aa200000000000000000000000000000000000000000000000000000000000001000000000000000000000000000000000000000000000000000000000000000020000000000000000000000000000000000000000000000000000000000000006000000000000000000000000000000000000000000000000000000000000000800000000000000000000000000000000000000000000000000000000000000000000000000000000000000000000000000000000000000000000000000000000000000000000000000000000000000000000000000000000000000000000000010000000000000000000000001cf0df2a5a20cd61d68d4489eebbf85b8d39e18a00000000000000000000000000000000000000000000000000000000000000fa000000000000000000000000000000000000000000000000000000000000004160081f7107ab960f30d94aed7231c22f3de372b50c71efe114c324e2eaab75a259b1c25625f664aec59f0912497fabe5a509403e4cd6e32e1af318ea6104a7dd1c000000000000000000000000000000000000000000000000000000000000000000000000000000000000006d88bcae643b32b24d33a0cfe265c4f7bbe40069000000000000000000000000000000000000000000000000000000000000012000000000000000000000000009df916d03a003b5edac1f09c2213c6fe17dda05000000000000000000000000000000000000000000000000000000000000020000000000000000000000000000000000000000000000000000000000000000000000000000000000000000000000000000000000000000000000000000000000000000000000000000000000000000000000000000000000000000000000000023d235ef0000000000000000000000000000000000000000000000000000000000000000000000000000000000000000000000000000000000000000000002c00000000000000000000000000000000000000000000000000000000000000040000000000000000000000000000000000000000000000000000000000000000173ad2146000000000000000000000000000000000000000000000000000000000000000000000000000000000000000000000000000000000000000000000040000000000000000000000000000000000000000000000000000000000000004000000000000000000000000057a204aa1042f6e66dd7730813f4024114d74f370000000000000000000000000000000000000000000000000000000000000aa200000000000000000000000000000000000000000000000000000000000000400000000000000000000000000000000000000000000000001bc16d674ec800008ae85d840000000000000000000000000000000000000000000000000000000000000000000000000000000000000000000000000000000000000000000000400000000000000000000000000000000000000000000000000000000000000020000000000000000000000000c02aaa39b223fe8d0a0e5c4f27ead9083c756cc200000000000000000000000000000000000000000000000000000000000001000000000000000000000000000000000000000000000000000000000000000020000000000000000000000000000000000000000000000000000000000000006000000000000000000000000000000000000000000000000000000000000000800000000000000000000000000000000000000000000000000000000000000001000000000000000000000000000000000000000000000000000000000000000000000000000000000000000000000000000000000000000000000000000000010000000000000000000000001cf0df2a5a20cd61d68d4489eebbf85b8d39e18a00000000000000000000000000000000000000000000000000000000000000fa0000000000000000000000000000000000000000000000000000000000000000,,10403903,320706,2141666,0xe99a3f80,"matchOrders(tuple orderLeft,bytes signatureLeft,tuple orderRight,bytes signatureRight)",0,sent,0x6d88bcae643b32b24d33a0cfe265c4f7bbe40069
34,13831465,1639861822,0x573b5c7d2baf4e8d7f09e1e755dcd3396fd6c832e1ba53c4af8d9e36c5b2c86f,22,0xc9d6e276e37a18006ec1466638f07197c4a9c298950a248f8ea007ef1d0e492d,34,0x6d88bcae643b32b24d33a0cfe265c4f7bbe40069,0x9757f2d2b135150bbeb65308d4a91804107cd8d6,0,324510,60046880809,0,1,0xe99a3f800000000000000000000000000000000000000000000000000000000000000080000000000000000000000000000000000000000000000000000000000000046000000000000000000000000000000000000000000000000000000000000004e000000000000000000000000000000000000000000000000000000000000008c000000000000000000000000084957e6c9f6ccfed9c35c850c3903732ed90858a0000000000000000000000000000000000000000000000000000000000000120000000000000000000000000000000000000000000000000000000000000000000000000000000000000000000000000000000000000000000000000000001e07add92b894c450cdee327fe1d475952339c17b869a83460308febafc869f98460000000000000000000000000000000000000000000000000000000000000000000000000000000000000000000000000000000000000000000000000000000023d235ef0000000000000000000000000000000000000000000000000000000000000000000000000000000000000000000000000000000000000000000002c000000000000000000000000000000000000000000000000000000000000000400000000000000000000000000000000000000000000000000429d069189e00008ae85d840000000000000000000000000000000000000000000000000000000000000000000000000000000000000000000000000000000000000000000000400000000000000000000000000000000000000000000000000000000000000020000000000000000000000000c02aaa39b223fe8d0a0e5c4f27ead9083c756cc20000000000000000000000000000000000000000000000000000000000000040000000000000000000000000000000000000000000000000000000000000000173ad214600000000000000000000000000000000000000000000000000000000000000000000000000000000000000000000000000000000000000000000004000000000000000000000000000000000000000000000000000000000000000400000000000000000000000007ea3cca10668b8346aec0bf1844a49e995527c8b0000000000000000000000000000000000000000000000000000000000003a5c00000000000000000000000000000000000000000000000000000000000001000000000000000000000000000000000000000000000000000000000000000020000000000000000000000000000000000000000000000000000000000000006000000000000000000000000000000000000000000000000000000000000000800000000000000000000000000000000000000000000000000000000000000000000000000000000000000000000000000000000000000000000000000000000000000000000000000000000000000000000000000000000000000000000000010000000000000000000000001cf0df2a5a20cd61d68d4489eebbf85b8d39e18a00000000000000000000000000000000000000000000000000000000000000fa00000000000000000000000000000000000000000000000000000000000000412d82883cbe8003f4ea4fc38cdd0c621093c304c3b9fea85e8b15cd77bfe4ae2a00da76ce546a8d49d012c28d8df0af6c4e0779cb185a07deaf84ac9b9f6054621c000000000000000000000000000000000000000000000000000000000000000000000000000000000000006d88bcae643b32b24d33a0cfe265c4f7bbe40069000000000000000000000000000000000000000000000000000000000000012000000000000000000000000084957e6c9f6ccfed9c35c850c3903732ed90858a000000000000000000000000000000000000000000000000000000000000020000000000000000000000000000000000000000000000000000000000000000000000000000000000000000000000000000000000000000000000000000000000000000000000000000000000000000000000000000000000000000000000000023d235ef0000000000000000000000000000000000000000000000000000000000000000000000000000000000000000000000000000000000000000000002c00000000000000000000000000000000000000000000000000000000000000040000000000000000000000000000000000000000000000000000000000000000173ad214600000000000000000000000000000000000000000000000000000000000000000000000000000000000000000000000000000000000000000000004000000000000000000000000000000000000000000000000000000000000000400000000000000000000000007ea3cca10668b8346aec0bf1844a49e995527c8b0000000000000000000000000000000000000000000000000000000000003a5c00000000000000000000000000000000000000000000000000000000000000400000000000000000000000000000000000000000000000000429d069189e00008ae85d840000000000000000000000000000000000000000000000000000000000000000000000000000000000000000000000000000000000000000000000400000000000000000000000000000000000000000000000000000000000000020000000000000000000000000c02aaa39b223fe8d0a0e5c4f27ead9083c756cc200000000000000000000000000000000000000000000000000000000000001000000000000000000000000000000000000000000000000000000000000000020000000000000000000000000000000000000000000000000000000000000006000000000000000000000000000000000000000000000000000000000000000800000000000000000000000000000000000000000000000000000000000000001000000000000000000000000000000000000000000000000000000000000000000000000000000000000000000000000000000000000000000000000000000010000000000000000000000001cf0df2a5a20cd61d68d4489eebbf85b8d39e18a00000000000000000000000000000000000000000000000000000000000000fa0000000000000000000000000000000000000000000000000000000000000000,,4628862,310537,2141665,0xe99a3f80,"matchOrders(tuple orderLeft,bytes signatureLeft,tuple orderRight,bytes signatureRight)",0,sent,0x6d88bcae643b32b24d33a0cfe265c4f7bbe40069
35,13831500,1639862432,0x1ae5d9ad5f5afbf7de8025d527aeaa59788076a2e8f0effaa267ff3579750b5c,23,0xf49c765ca0910d27cfab177c49d273c9990600cbdd137423825902156b84d621,88,0x6d88bcae643b32b24d33a0cfe265c4f7bbe40069,0x9757f2d2b135150bbeb65308d4a91804107cd8d6,0,314566,69618486747,0,1,0xe99a3f800000000000000000000000000000000000000000000000000000000000000080000000000000000000000000000000000000000000000000000000000000046000000000000000000000000000000000000000000000000000000000000004e000000000000000000000000000000000000000000000000000000000000008c000000000000000000000000084957e6c9f6ccfed9c35c850c3903732ed90858a0000000000000000000000000000000000000000000000000000000000000120000000000000000000000000000000000000000000000000000000000000000000000000000000000000000000000000000000000000000000000000000001e053aa3462a4d44c7d0e3b01f5722a50efd9c2aff04cbf1d2ac5175c6b8810593d0000000000000000000000000000000000000000000000000000000000000000000000000000000000000000000000000000000000000000000000000000000023d235ef0000000000000000000000000000000000000000000000000000000000000000000000000000000000000000000000000000000000000000000002c00000000000000000000000000000000000000000000000000000000000000040000000000000000000000000000000000000000000000000058d15e1762800008ae85d840000000000000000000000000000000000000000000000000000000000000000000000000000000000000000000000000000000000000000000000400000000000000000000000000000000000000000000000000000000000000020000000000000000000000000c02aaa39b223fe8d0a0e5c4f27ead9083c756cc20000000000000000000000000000000000000000000000000000000000000040000000000000000000000000000000000000000000000000000000000000000173ad214600000000000000000000000000000000000000000000000000000000000000000000000000000000000000000000000000000000000000000000004000000000000000000000000000000000000000000000000000000000000000400000000000000000000000007ea3cca10668b8346aec0bf1844a49e995527c8b000000000000000000000000000000000000000000000000000000000000183c00000000000000000000000000000000000000000000000000000000000001000000000000000000000000000000000000000000000000000000000000000020000000000000000000000000000000000000000000000000000000000000006000000000000000000000000000000000000000000000000000000000000000800000000000000000000000000000000000000000000000000000000000000000000000000000000000000000000000000000000000000000000000000000000000000000000000000000000000000000000000000000000000000000000000010000000000000000000000001cf0df2a5a20cd61d68d4489eebbf85b8d39e18a00000000000000000000000000000000000000000000000000000000000000fa0000000000000000000000000000000000000000000000000000000000000041eb58e9b0d7a81251c596cffaff85448043917b3f807346360217f5759ec1f4ef45ba040b56b7bcfba89fdfa63ee6b70948438836e5c671efb4d31ace1eb6bd481c000000000000000000000000000000000000000000000000000000000000000000000000000000000000006d88bcae643b32b24d33a0cfe265c4f7bbe40069000000000000000000000000000000000000000000000000000000000000012000000000000000000000000084957e6c9f6ccfed9c35c850c3903732ed90858a000000000000000000000000000000000000000000000000000000000000020000000000000000000000000000000000000000000000000000000000000000000000000000000000000000000000000000000000000000000000000000000000000000000000000000000000000000000000000000000000000000000000000023d235ef0000000000000000000000000000000000000000000000000000000000000000000000000000000000000000000000000000000000000000000002c00000000000000000000000000000000000000000000000000000000000000040000000000000000000000000000000000000000000000000000000000000000173ad214600000000000000000000000000000000000000000000000000000000000000000000000000000000000000000000000000000000000000000000004000000000000000000000000000000000000000000000000000000000000000400000000000000000000000007ea3cca10668b8346aec0bf1844a49e995527c8b000000000000000000000000000000000000000000000000000000000000183c0000000000000000000000000000000000000000000000000000000000000040000000000000000000000000000000000000000000000000058d15e1762800008ae85d840000000000000000000000000000000000000000000000000000000000000000000000000000000000000000000000000000000000000000000000400000000000000000000000000000000000000000000000000000000000000020000000000000000000000000c02aaa39b223fe8d0a0e5c4f27ead9083c756cc200000000000000000000000000000000000000000000000000000000000001000000000000000000000000000000000000000000000000000000000000000020000000000000000000000000000000000000000000000000000000000000006000000000000000000000000000000000000000000000000000000000000000800000000000000000000000000000000000000000000000000000000000000001000000000000000000000000000000000000000000000000000000000000000000000000000000000000000000000000000000000000000000000000000000010000000000000000000000001cf0df2a5a20cd61d68d4489eebbf85b8d39e18a00000000000000000000000000000000000000000000000000000000000000fa0000000000000000000000000000000000000000000000000000000000000000,,6393407,291149,2141630,0xe99a3f80,"matchOrders(tuple orderLeft,bytes signatureLeft,tuple orderRight,bytes signatureRight)",0,sent,0x6d88bcae643b32b24d33a0cfe265c4f7bbe40069
36,13835618,1639917301,0x47e4a6a30e4c3d017ba07f71663219fbeb339c878c59d47c8e9be87fde6c4a15,24,0x3886b192162b48dc896867c8750639ff508006ad146967e5bd09d5b7f34c39db,38,0x6d88bcae643b32b24d33a0cfe265c4f7bbe40069,0x0bc529c00c6401aef6d220be8c6ea1667f6ad93e,0,55930,40654557270,0,1,0x095ea7b300000000000000000000000068b3465833fb72a70ecdf485e0e4c7bd8665fc45ffffffffffffffffffffffffffffffffffffffffffffffffffffffffffffffff,,4384709,46609,2137512,0x095ea7b3,"approve(address _spender, uint256 _value)",0,sent,0x6d88bcae643b32b24d33a0cfe265c4f7bbe40069
37,13835624,1639917337,0xf6b16ebc45b47ddef355dfbfa16a7e30abd47cdbfa9a77c58d9640995b8780ca,25,0xceceaf1d29a0c2e6fdf929cd61338bc554b887d094d0155d4ceb321beef1489b,87,0x6d88bcae643b32b24d33a0cfe265c4f7bbe40069,0x68b3465833fb72a70ecdf485e0e4c7bd8665fc45,0,181230,39601605724,0,1,0x5ae401dc0000000000000000000000000000000000000000000000000000000061bf2e06000000000000000000000000000000000000000000000000000000000000004000000000000000000000000000000000000000000000000000000000000000020000000000000000000000000000000000000000000000000000000000000040000000000000000000000000000000000000000000000000000000000000016000000000000000000000000000000000000000000000000000000000000000e4472b43f300000000000000000000000000000000000000000000000002d512dc133282d1000000000000000000000000000000000000000000000000178c1c0b635ccadb0000000000000000000000000000000000000000000000000000000000000080000000000000000000000000000000000000000000000000000000000000000200000000000000000000000000000000000000000000000000000000000000020000000000000000000000000bc529c00c6401aef6d220be8c6ea1667f6ad93e000000000000000000000000c02aaa39b223fe8d0a0e5c4f27ead9083c756cc200000000000000000000000000000000000000000000000000000000000000000000000000000000000000000000000000000000000000000000004449404b7c000000000000000000000000000000000000000000000000178c1c0b635ccadb0000000000000000000000006d88bcae643b32b24d33a0cfe265c4f7bbe4006900000000000000000000000000000000000000000000000000000000,,6411028,122097,2137506,0x5ae401dc,"multicall(uint256 deadline, bytes[] data)",0,sent,0x6d88bcae643b32b24d33a0cfe265c4f7bbe40069
38,13835632,1639917464,0xdcfd1bcb9abf370c4424e698c3b4e6f05bea9cb53110c1356ccba7102eb120b2,26,0x780621a1758213611bfe6743e5d836de19ce041dff2310d4ccab3c6c61d9585e,18,0x6d88bcae643b32b24d33a0cfe265c4f7bbe40069,0xc02aaa39b223fe8d0a0e5c4f27ead9083c756cc2,0,36039,40108749255,0,1,0x2e1a7d4d0000000000000000000000000000000000000000000000043cadcab8116d6000,,2373858,30428,2137498,0x2e1a7d4d,withdraw(uint256 amount),0,sent,0x6d88bcae643b32b24d33a0cfe265c4f7bbe40069
39,13849952,1640108723,0xa300fa260fe72dc4ea613f5e4f23c91319f48311bb97494d017d9530b8a2e8cf,27,0x7a9d1de3e301902015ac6d890ccc39387415ac76520ecc7b86642851f6fe028b,253,0x6d88bcae643b32b24d33a0cfe265c4f7bbe40069,0xa0b86991c6218b36c1d19d4a2e9eb0ce3606eb48,0,60760,66321036305,0,1,0x095ea7b3000000000000000000000000881d40237659c251811cec9c364ef91dc08d300cffffffffffffffffffffffffffffffffffffffffffffffffffffffffffffffff,,17708215,60311,2123178,0x095ea7b3,"approve(address _spender, uint256 _value)",0,sent,0x6d88bcae643b32b24d33a0cfe265c4f7bbe40069
40,13849952,1640108723,0x30bbddf63da27fc3c4ed2d6d468a643cb4bf3254aae5dba03b640a09a3e9c8ea,28,0x7a9d1de3e301902015ac6d890ccc39387415ac76520ecc7b86642851f6fe028b,256,0x6d88bcae643b32b24d33a0cfe265c4f7bbe40069,0x881d40237659c251811cec9c364ef91dc08d300c,0,272528,66321036305,0,1,0x5f5755290000000000000000000000000000000000000000000000000000000000000080000000000000000000000000a0b86991c6218b36c1d19d4a2e9eb0ce3606eb48000000000000000000000000000000000000000000000000000000010264257300000000000000000000000000000000000000000000000000000000000000c000000000000000000000000000000000000000000000000000000000000000136f6e65496e6368563446656544796e616d6963000000000000000000000000000000000000000000000000000000000000000000000000000000000000000200000000000000000000000000a0b86991c6218b36c1d19d4a2e9eb0ce3606eb48000000000000000000000000000000000000000000000000000000000000000000000000000000000000000000000000000000000000000000000001026425730000000000000000000000000000000000000000000000000e7dba754071916c00000000000000000000000000000000000000000000000000000000000001200000000000000000000000000000000000000000000000000021c26aa09b9038000000000000000000000000f326e4de8f66a0bdc0970b79e0924e33c79f1915000000000000000000000000000000000000000000000000000000000000000100000000000000000000000000000000000000000000000000000000000000c82e95b6c8000000000000000000000000a0b86991c6218b36c1d19d4a2e9eb0ce3606eb4800000000000000000000000000000000000000000000000000000001026425730000000000000000000000000000000000000000000000000e9e799a1ecb06470000000000000000000000000000000000000000000000000000000000000080000000000000000000000000000000000000000000000000000000000000000140000000000000003b6d0340b4e16d0168e52d35cacd2c6185b44281ec28c9dcab4991fe0000000000000000000000000000000000000000000000006d,,17988312,195888,2123178,0x5f575529,"swap(string aggregatorId, address tokenFrom, uint256 amount, bytes data)",0,sent,0x6d88bcae643b32b24d33a0cfe265c4f7bbe40069
41,13854676,1640171794,0xd54b3e4fb88fc7cbbee8dfb814946290df2db397346967d7b52ac5ddd1550b54,29,0xd5d16a90a6f0e56b235aaf0f06e0cc8b5b9be961f10fc08d93e8dbad9d745d04,298,0x6d88bcae643b32b24d33a0cfe265c4f7bbe40069,0xb55d6094470843a5f0c5acb0459e0ef9319e81f4,13000000000000000,21000,44397782340,0,1,0x,,15541534,21000,2118454,0x,,0.013,sent,0x6d88bcae643b32b24d33a0cfe265c4f7bbe40069
42,13868369,1640355197,0x2a3fa7061b6aedfdde76300e0b3c408cf3cfd11aa915bc1a1a5a88cff5941299,30,0xe78763661e65884e38a771eb117762078e3fe50ad873be7e3b71d3b1eb426847,212,0x6d88bcae643b32b24d33a0cfe265c4f7bbe40069,0x73c640cd9f491d68a549f98b97d4a11906955271,10000000000000000,21000,47537799494,0,1,0x,,14305669,21000,2104761,0x,,0.01,sent,0x6d88bcae643b32b24d33a0cfe265c4f7bbe40069
43,13868375,1640355360,0x5e233a641eac84ef1bd89be5192c5923ad4dade1c8e12553ec8805070d051c78,31,0x1485597e3ae0497cbafd77505ac516e80e820ba9415c3c0c352c0bc44696a208,38,0x6d88bcae643b32b24d33a0cfe265c4f7bbe40069,0x73c640cd9f491d68a549f98b97d4a11906955271,5000000000000000,21000,57737945499,0,1,0x,,2330829,21000,2104755,0x,,0.005,sent,0x6d88bcae643b32b24d33a0cfe265c4f7bbe40069
44,13868379,1640355454,0x52a68c94d1b6eb3a57491722ecded5a53e1bd657c23551bdb4101922061570ac,21,0xba08c1ab7ac7e747e96c9ca05d45a2b884dbc139109e215aa950d634211a2c3b,121,0x73c640cd9f491d68a549f98b97d4a11906955271,0x6d88bcae643b32b24d33a0cfe265c4f7bbe40069,14042888149725000,21000,76270145113,0,1,0x,,8807595,21000,2104751,0x,,0.014042888149725,received,0x6d88bcae643b32b24d33a0cfe265c4f7bbe40069
45,13887162,1640606314,0x4278f48feb416f143650bee227c144efaddcaa2044115d28fc25eb2d4d863af0,32,0x3524d93ee1813a603e33875c4008500d0c573dc5745ba2752ac633131d2030ef,133,0x6d88bcae643b32b24d33a0cfe265c4f7bbe40069,0xcb5f72d37685c3d5ad0bb5f982443bc8fcdf570e,0,53451,49751153673,0,1,0x095ea7b30000000000000000000000001111111254fb6c44bac0bed2854e76f90643097dffffffffffffffffffffffffffffffffffffffffffffffffffffffffffffffff,,4518125,46479,2085968,0x095ea7b3,"approve(address _spender, uint256 _value)",0,sent,0x6d88bcae643b32b24d33a0cfe265c4f7bbe40069
46,13887172,1640606458,0x74fb75b62021ca74075e04b7df12820b004a72f2885a9463a9466a51339d7475,33,0x8109e600365691e410a03ab796fb154e9762068c6e666e486874b89e50a8a2b9,109,0x6d88bcae643b32b24d33a0cfe265c4f7bbe40069,0x111111111117dc0aa78b770fa6a738034120c302,0,55777,57783332047,0,1,0x095ea7b300000000000000000000000068b3465833fb72a70ecdf485e0e4c7bd8665fc45ffffffffffffffffffffffffffffffffffffffffffffffffffffffffffffffff,,14995841,46481,2085958,0x095ea7b3,"approve(address _spender, uint256 _value)",0,sent,0x6d88bcae643b32b24d33a0cfe265c4f7bbe40069
47,13887177,1640606502,0x0383b81d0b2322202d7829f5481e39d0855b59075b7bf8507a47aab550df488d,34,0x1ea331f2fc2ee406ef909498651f95fcc4c731c52d6e8291684cbdb6adadf538,134,0x6d88bcae643b32b24d33a0cfe265c4f7bbe40069,0x68b3465833fb72a70ecdf485e0e4c7bd8665fc45,0,187978,56608155528,0,1,0x5ae401dc0000000000000000000000000000000000000000000000000000000061c9b20a000000000000000000000000000000000000000000000000000000000000004000000000000000000000000000000000000000000000000000000000000000020000000000000000000000000000000000000000000000000000000000000040000000000000000000000000000000000000000000000000000000000000016000000000000000000000000000000000000000000000000000000000000000e404e45aaf000000000000000000000000111111111117dc0aa78b770fa6a738034120c302000000000000000000000000c02aaa39b223fe8d0a0e5c4f27ead9083c756cc20000000000000000000000000000000000000000000000000000000000000bb80000000000000000000000000000000000000000000000000000000000000002000000000000000000000000000000000000000000000028050b921713f6ffaa000000000000000000000000000000000000000000000000071870e61f3f15b3000000000000000000000000000000000000000000000000000000000000000000000000000000000000000000000000000000000000000000000000000000000000000000000000000000000000000000000000000000000000004449404b7c000000000000000000000000000000000000000000000000071870e61f3f15b30000000000000000000000006d88bcae643b32b24d33a0cfe265c4f7bbe4006900000000000000000000000000000000000000000000000000000000,,10523468,130521,2085953,0x5ae401dc,"multicall(uint256 deadline, bytes[] data)",0,sent,0x6d88bcae643b32b24d33a0cfe265c4f7bbe40069
48,13887183,1640606579,0x8fe5a7066f7d790dc8e37691425f69ae537df495e4452a49fd432e10c5fccf00,35,0xc2859c630cea9fc48af7de083c3724c00582c7a257f1fac1547c5a3a1da59b2c,256,0x6d88bcae643b32b24d33a0cfe265c4f7bbe40069,0x68b3465833fb72a70ecdf485e0e4c7bd8665fc45,0,238106,47567159852,0,1,0x5ae401dc0000000000000000000000000000000000000000000000000000000061c9b22e0000000000000000000000000000000000000000000000000000000000000040000000000000000000000000000000000000000000000000000000000000000300000000000000000000000000000000000000000000000000000000000000600000000000000000000000000000000000000000000000000000000000000160000000000000000000000000000000000000000000000000000000000000028000000000000000000000000000000000000000000000000000000000000000c44659a4940000000000000000000000006b175474e89094c44da98b954eedeac495271d0f00000000000000000000000000000000000000000000000000000000000000000000000000000000000000000000000000000000000000000000000061c9b6cd000000000000000000000000000000000000000000000000000000000000001b355ae5250b97998ad82219e2f4fa82f521c4e67dbfeae67e7a3fc08182aa2cf32ce0b562c826d48abeff039fb99ed41af54b573e1bc350f7da4ee7a203dc811f0000000000000000000000000000000000000000000000000000000000000000000000000000000000000000000000000000000000000000000000e404e45aaf0000000000000000000000006b175474e89094c44da98b954eedeac495271d0f000000000000000000000000c02aaa39b223fe8d0a0e5c4f27ead9083c756cc200000000000000000000000000000000000000000000000000000000000001f4000000000000000000000000000000000000000000000000000000000000000200000000000000000000000000000000000000000000002566555244959466e300000000000000000000000000000000000000000000000002488d8371ed5ef1000000000000000000000000000000000000000000000000000000000000000000000000000000000000000000000000000000000000000000000000000000000000000000000000000000000000000000000000000000000000004449404b7c00000000000000000000000000000000000000000000000002488d8371ed5ef10000000000000000000000006d88bcae643b32b24d33a0cfe265c4f7bbe4006900000000000000000000000000000000000000000000000000000000,,20279087,172593,2085947,0x5ae401dc,"multicall(uint256 deadline, bytes[] data)",0,sent,0x6d88bcae643b32b24d33a0cfe265c4f7bbe40069
49,13887186,1640606602,0xf0f2f0b63a34d255bfffa3f8f060fa4b4fc6065c82a8e8dcdbb906d7444a5935,36,0x9696429d5ede769d6d8e4a971dce97a83a0542e9f62dbf33669c76d7ae5129ba,215,0x6d88bcae643b32b24d33a0cfe265c4f7bbe40069,0xcb5f72d37685c3d5ad0bb5f982443bc8fcdf570e,0,55774,55426375624,0,1,0x095ea7b300000000000000000000000068b3465833fb72a70ecdf485e0e4c7bd8665fc45ffffffffffffffffffffffffffffffffffffffffffffffffffffffffffffffff,,15902687,46479,2085944,0x095ea7b3,"approve(address _spender, uint256 _value)",0,sent,0x6d88bcae643b32b24d33a0cfe265c4f7bbe40069
50,13887195,1640606728,0x1a9f69c53181a0f01bb57f1a8b0a84fdd615719e0466dd4f8f49d081875fecdb,37,0x8386dbc931b746369c85dd80bbd1b8d9bcdf09fe1b37dd0966abd245b882bb20,166,0x6d88bcae643b32b24d33a0cfe265c4f7bbe40069,0x68b3465833fb72a70ecdf485e0e4c7bd8665fc45,0,241570,54901220826,0,1,0x5ae401dc0000000000000000000000000000000000000000000000000000000061c9b2e3000000000000000000000000000000000000000000000000000000000000004000000000000000000000000000000000000000000000000000000000000000020000000000000000000000000000000000000000000000000000000000000040000000000000000000000000000000000000000000000000000000000000016000000000000000000000000000000000000000000000000000000000000000e4472b43f300000000000000000000000000000000000000000000000023f47131c1aabce20000000000000000000000000000000000000000000000002e27d684e433eacc000000000000000000000000000000000000000000000000000000000000008000000000000000000000000000000000000000000000000000000000000000020000000000000000000000000000000000000000000000000000000000000002000000000000000000000000cb5f72d37685c3d5ad0bb5f982443bc8fcdf570e000000000000000000000000c02aaa39b223fe8d0a0e5c4f27ead9083c756cc200000000000000000000000000000000000000000000000000000000000000000000000000000000000000000000000000000000000000000000004449404b7c0000000000000000000000000000000000000000000000002e27d684e433eacc0000000000000000000000006d88bcae643b32b24d33a0cfe265c4f7bbe4006900000000000000000000000000000000000000000000000000000000,,9963648,172381,2085935,0x5ae401dc,"multicall(uint256 deadline, bytes[] data)",0,sent,0x6d88bcae643b32b24d33a0cfe265c4f7bbe40069
51,13887199,1640606746,0x9c1eb614237a438f85087b3908d479b4bc141763bab0f0eb2574bf8d3b44f511,38,0x7b9252ce2f60ebeb3493a45964b2953a25a28cff106cc8ce23454f4b2d1ff09c,181,0x6d88bcae643b32b24d33a0cfe265c4f7bbe40069,0xf406f7a9046793267bc276908778b29563323996,0,58476,46072146235,0,1,0x095ea7b300000000000000000000000068b3465833fb72a70ecdf485e0e4c7bd8665fc45ffffffffffffffffffffffffffffffffffffffffffffffffffffffffffffffff,,13885298,48730,2085931,0x095ea7b3,"approve(address _spender, uint256 _value)",0,sent,0x6d88bcae643b32b24d33a0cfe265c4f7bbe40069
52,13887201,1640606767,0x8a3e41cc961fabb4dfee55c095f25d31c3e7fe07d62be220eaa2035778df8d6a,39,0x5e7f7914388e41263b9f25540aa9e0c7dddd6949387e83da7274b8d13b2c1339,254,0x6d88bcae643b32b24d33a0cfe265c4f7bbe40069,0x68b3465833fb72a70ecdf485e0e4c7bd8665fc45,0,188964,53695891073,0,1,0x5ae401dc0000000000000000000000000000000000000000000000000000000061c9b331000000000000000000000000000000000000000000000000000000000000004000000000000000000000000000000000000000000000000000000000000000020000000000000000000000000000000000000000000000000000000000000040000000000000000000000000000000000000000000000000000000000000016000000000000000000000000000000000000000000000000000000000000000e4472b43f300000000000000000000000000000000000000000000010f0cf064dd592000000000000000000000000000000000000000000000000000002dd6b8db0e9f67b0000000000000000000000000000000000000000000000000000000000000008000000000000000000000000000000000000000000000000000000000000000020000000000000000000000000000000000000000000000000000000000000002000000000000000000000000f406f7a9046793267bc276908778b29563323996000000000000000000000000c02aaa39b223fe8d0a0e5c4f27ead9083c756cc200000000000000000000000000000000000000000000000000000000000000000000000000000000000000000000000000000000000000000000004449404b7c0000000000000000000000000000000000000000000000002dd6b8db0e9f67b00000000000000000000000006d88bcae643b32b24d33a0cfe265c4f7bbe4006900000000000000000000000000000000000000000000000000000000,,21705150,128542,2085929,0x5ae401dc,"multicall(uint256 deadline, bytes[] data)",0,sent,0x6d88bcae643b32b24d33a0cfe265c4f7bbe40069
53,13887204,1640606808,0x3fd02f3ba6c70b5e2450d987ccfac6e9af8abe3b152ac56057a2809859f73fe1,40,0xffaf498b28ad97111f9a52b31bf2a4818e51acf94c5e67a17984588c5a753c0a,247,0x6d88bcae643b32b24d33a0cfe265c4f7bbe40069,0x3f382dbd960e3a9bbceae22651e88158d2791550,0,91087,52695827888,0,1,0x095ea7b300000000000000000000000068b3465833fb72a70ecdf485e0e4c7bd8665fc45ffffffffffffffffffffffffffffffffffffffffffffffffffffffffffffffff,,19671250,75906,2085926,0x095ea7b3,"approve(address _spender, uint256 _value)",0,sent,0x6d88bcae643b32b24d33a0cfe265c4f7bbe40069
54,13887207,1640606864,0xcb9e77c0070d5f23e473a3749bc8749604e943158d30f018f583bd812319346a,41,0xdaa5bb942948d57ef34a5a29a366d800e90e787f23cf1c1ca72bb945aa9e7d01,301,0x6d88bcae643b32b24d33a0cfe265c4f7bbe40069,0x68b3465833fb72a70ecdf485e0e4c7bd8665fc45,0,598051,58317162109,0,1,0x5ae401dc0000000000000000000000000000000000000000000000000000000061c9b377000000000000000000000000000000000000000000000000000000000000004000000000000000000000000000000000000000000000000000000000000000030000000000000000000000000000000000000000000000000000000000000060000000000000000000000000000000000000000000000000000000000000018000000000000000000000000000000000000000000000000000000000000002e000000000000000000000000000000000000000000000000000000000000000e404e45aaf0000000000000000000000003f382dbd960e3a9bbceae22651e88158d2791550000000000000000000000000c02aaa39b223fe8d0a0e5c4f27ead9083c756cc2000000000000000000000000000000000000000000000000000000000000271000000000000000000000000000000000000000000000000000000000000000020000000000000000000000000000000000000000000000db8d0a662e2c0800000000000000000000000000000000000000000000000000002164ae08ec10adf40000000000000000000000000000000000000000000000000000000000000000000000000000000000000000000000000000000000000000000000000000000000000000000000000000000000000000000000000000000000000124b858183f0000000000000000000000000000000000000000000000000000000000000020000000000000000000000000000000000000000000000000000000000000008000000000000000000000000000000000000000000000000000000000000000020000000000000000000000000000000000000000000000492f037764b95800000000000000000000000000000000000000000000000000000b1fc8e4e45b651800000000000000000000000000000000000000000000000000000000000000423f382dbd960e3a9bbceae22651e88158d2791550000bb8dac17f958d2ee523a2206206994597c13d831ec7000bb8c02aaa39b223fe8d0a0e5c4f27ead9083c756cc200000000000000000000000000000000000000000000000000000000000000000000000000000000000000000000000000000000000000000000000000000000000000000000000000000000000000000000000000000000004449404b7c0000000000000000000000000000000000000000000000002c8476edd06c130c0000000000000000000000006d88bcae643b32b24d33a0cfe265c4f7bbe4006900000000000000000000000000000000000000000000000000000000,,22467144,457511,2085923,0x5ae401dc,"multicall(uint256 deadline, bytes[] data)",0,sent,0x6d88bcae643b32b24d33a0cfe265c4f7bbe40069
55,13887215,1640606983,0xa0466a4d1c89956bd469d8359117e8127d19686a26181046a70f89b11f4456ed,42,0xa2bc33d9a138c8197a2d87d1189d64b30ff932a42a73e2c626177c88f4b68771,118,0x6d88bcae643b32b24d33a0cfe265c4f7bbe40069,0xbb0e17ef65f82ab018d8edd776e8dd940327b28b,0,55748,51658340543,0,1,0x095ea7b300000000000000000000000068b3465833fb72a70ecdf485e0e4c7bd8665fc45ffffffffffffffffffffffffffffffffffffffffffffffffffffffffffffffff,,11154335,46457,2085915,0x095ea7b3,"approve(address _spender, uint256 _value)",0,sent,0x6d88bcae643b32b24d33a0cfe265c4f7bbe40069
56,13887219,1640607028,0x9e47f031507da13538166a9080f422db5f8820bfdf2ccfb2fbbb2a21caff1f75,43,0x9af6ce6c2ef066b02e304dc728599ae41ddbc9482cf96cd7f10007a859edebe4,177,0x6d88bcae643b32b24d33a0cfe265c4f7bbe40069,0x68b3465833fb72a70ecdf485e0e4c7bd8665fc45,0,184063,50768090406,0,1,0x5ae401dc0000000000000000000000000000000000000000000000000000000061c9b414000000000000000000000000000000000000000000000000000000000000004000000000000000000000000000000000000000000000000000000000000000020000000000000000000000000000000000000000000000000000000000000040000000000000000000000000000000000000000000000000000000000000016000000000000000000000000000000000000000000000000000000000000000e404e45aaf000000000000000000000000bb0e17ef65f82ab018d8edd776e8dd940327b28b000000000000000000000000c02aaa39b223fe8d0a0e5c4f27ead9083c756cc20000000000000000000000000000000000000000000000000000000000000bb80000000000000000000000000000000000000000000000000000000000000002000000000000000000000000000000000000000000000004ee5782b4c7b052b400000000000000000000000000000000000000000000000021684a654c4ea43a000000000000000000000000000000000000000000000000000000000000000000000000000000000000000000000000000000000000000000000000000000000000000000000000000000000000000000000000000000000000004449404b7c00000000000000000000000000000000000000000000000021684a654c4ea43a0000000000000000000000006d88bcae643b32b24d33a0cfe265c4f7bbe4006900000000000000000000000000000000000000000000000000000000,,12905818,127258,2085911,0x5ae401dc,"multicall(uint256 deadline, bytes[] data)",0,sent,0x6d88bcae643b32b24d33a0cfe265c4f7bbe40069
57,13887220,1640607047,0x4f9d6081df02bb133a8add9e01b9b06571971e8a94ffa28cccea848f62c4adcb,44,0x1b751eb77ee8367be99134fb5f0f1af5221ec65d53498f1e283363a232c0c97d,195,0x6d88bcae643b32b24d33a0cfe265c4f7bbe40069,0xfb7b4564402e5500db5bb6d63ae671302777c75a,0,55779,53474187549,0,1,0x095ea7b300000000000000000000000068b3465833fb72a70ecdf485e0e4c7bd8665fc45ffffffffffffffffffffffffffffffffffffffffffffffffffffffffffffffff,,16289979,46483,2085910,0x095ea7b3,"approve(address _spender, uint256 _value)",0,sent,0x6d88bcae643b32b24d33a0cfe265c4f7bbe40069
58,13887223,1640607081,0x4be1c0d9c9a69f7bb3f1b5ae65ad59b3c16df4b364e9afea27d965e98866ebeb,45,0xd2c7b969131a0899a1cdd9bd6b4ff4519b4c8ad648e603a95edf7d16bcad5eac,146,0x6d88bcae643b32b24d33a0cfe265c4f7bbe40069,0x68b3465833fb72a70ecdf485e0e4c7bd8665fc45,0,180843,48474056063,0,1,0x5ae401dc0000000000000000000000000000000000000000000000000000000061c9b44f000000000000000000000000000000000000000000000000000000000000004000000000000000000000000000000000000000000000000000000000000000020000000000000000000000000000000000000000000000000000000000000040000000000000000000000000000000000000000000000000000000000000016000000000000000000000000000000000000000000000000000000000000000e4472b43f300000000000000000000000000000000000000000000043c33c19375648000000000000000000000000000000000000000000000000000001eb5815eedf41f81000000000000000000000000000000000000000000000000000000000000008000000000000000000000000000000000000000000000000000000000000000020000000000000000000000000000000000000000000000000000000000000002000000000000000000000000fb7b4564402e5500db5bb6d63ae671302777c75a000000000000000000000000c02aaa39b223fe8d0a0e5c4f27ead9083c756cc200000000000000000000000000000000000000000000000000000000000000000000000000000000000000000000000000000000000000000000004449404b7c0000000000000000000000000000000000000000000000001eb5815eedf41f810000000000000000000000006d88bcae643b32b24d33a0cfe265c4f7bbe4006900000000000000000000000000000000000000000000000000000000,,13863865,121775,2085907,0x5ae401dc,"multicall(uint256 deadline, bytes[] data)",0,sent,0x6d88bcae643b32b24d33a0cfe265c4f7bbe40069
59,13887226,1640607108,0x5a0bd38d962b0c441b55b8022f1caacbdec2083bcea627b0c0c8908308a24b0f,46,0xe9dd390a170cb3cf155d304d41f35a185fc17d9df00be0bfbf41120cf0aa0738,93,0x6d88bcae643b32b24d33a0cfe265c4f7bbe40069,0x8798249c2e607446efb7ad49ec89dd1865ff4272,0,55808,52669042114,0,1,0x095ea7b300000000000000000000000068b3465833fb72a70ecdf485e0e4c7bd8665fc45ffffffffffffffffffffffffffffffffffffffffffffffffffffffffffffffff,,9008161,46507,2085904,0x095ea7b3,"approve(address _spender, uint256 _value)",0,sent,0x6d88bcae643b32b24d33a0cfe265c4f7bbe40069
60,13887229,1640607141,0xbbb0435609c1050eac877b27a9b5b3f2cfd5e145f2713fbbf7c8bf68013b2d25,47,0x9429662e596b3c9901c390bdb0afa81cd04e44a93c160a405f087ff63f3d58d0,67,0x6d88bcae643b32b24d33a0cfe265c4f7bbe40069,0x68b3465833fb72a70ecdf485e0e4c7bd8665fc45,0,185337,51783999577,0,1,0x5ae401dc0000000000000000000000000000000000000000000000000000000061c9b48c000000000000000000000000000000000000000000000000000000000000004000000000000000000000000000000000000000000000000000000000000000020000000000000000000000000000000000000000000000000000000000000040000000000000000000000000000000000000000000000000000000000000016000000000000000000000000000000000000000000000000000000000000000e404e45aaf0000000000000000000000008798249c2e607446efb7ad49ec89dd1865ff4272000000000000000000000000c02aaa39b223fe8d0a0e5c4f27ead9083c756cc20000000000000000000000000000000000000000000000000000000000000bb800000000000000000000000000000000000000000000000000000000000000020000000000000000000000000000000000000000000000230f0ee9a588b8152f00000000000000000000000000000000000000000000000014e21a43bfc1b73a000000000000000000000000000000000000000000000000000000000000000000000000000000000000000000000000000000000000000000000000000000000000000000000000000000000000000000000000000000000000004449404b7c00000000000000000000000000000000000000000000000014e21a43bfc1b73a0000000000000000000000006d88bcae643b32b24d33a0cfe265c4f7bbe4006900000000000000000000000000000000000000000000000000000000,,7239721,128320,2085901,0x5ae401dc,"multicall(uint256 deadline, bytes[] data)",0,sent,0x6d88bcae643b32b24d33a0cfe265c4f7bbe40069
61,13887231,1640607164,0xf1994b4979f37b6bd3f7d534abf283acfcec8df4be9543d18a31c7f2f6f197aa,48,0x6837a39f1ad7f9a32ca4249fea4270c8aedd0f20f79eeda99100064812903abd,248,0x6d88bcae643b32b24d33a0cfe265c4f7bbe40069,0x2ba592f78db6436527729929aaf6c908497cb200,0,56481,48920073225,0,1,0x095ea7b300000000000000000000000068b3465833fb72a70ecdf485e0e4c7bd8665fc45ffffffffffffffffffffffffffffffffffffffffffffffffffffffffffffffff,,20037846,47068,2085899,0x095ea7b3,"approve(address _spender, uint256 _value)",0,sent,0x6d88bcae643b32b24d33a0cfe265c4f7bbe40069
62,13887236,1640607221,0x46f09af3ffbc53d264b31cf7811598d87f67288d8ae458380b5279b12e92a298,49,0xbac74274c478ac95fbd3974d316ee97794c992280cad6e2efd576060962e7943,11,0x6d88bcae643b32b24d33a0cfe265c4f7bbe40069,0x68b3465833fb72a70ecdf485e0e4c7bd8665fc45,0,182476,44369421967,0,1,0x5ae401dc0000000000000000000000000000000000000000000000000000000061c9b4ef000000000000000000000000000000000000000000000000000000000000004000000000000000000000000000000000000000000000000000000000000000020000000000000000000000000000000000000000000000000000000000000040000000000000000000000000000000000000000000000000000000000000016000000000000000000000000000000000000000000000000000000000000000e4472b43f3000000000000000000000000000000000000000000000007d12d4ffee35400000000000000000000000000000000000000000000000000001234a7b9d1d96f630000000000000000000000000000000000000000000000000000000000000080000000000000000000000000000000000000000000000000000000000000000200000000000000000000000000000000000000000000000000000000000000020000000000000000000000002ba592f78db6436527729929aaf6c908497cb200000000000000000000000000c02aaa39b223fe8d0a0e5c4f27ead9083c756cc200000000000000000000000000000000000000000000000000000000000000000000000000000000000000000000000000000000000000000000004449404b7c0000000000000000000000000000000000000000000000001234a7b9d1d96f630000000000000000000000006d88bcae643b32b24d33a0cfe265c4f7bbe4006900000000000000000000000000000000000000000000000000000000,,354136,123136,2085894,0x5ae401dc,"multicall(uint256 deadline, bytes[] data)",0,sent,0x6d88bcae643b32b24d33a0cfe265c4f7bbe40069
63,13887240,1640607334,0x0c99d96d83d22198be4e5944fac6bf4b5582e8205c7235197ec39664a89e8ad2,50,0x8057ecba5194a6425ad534edd5cf9d3e00895d461775afeaf91938f9acf02f36,201,0x6d88bcae643b32b24d33a0cfe265c4f7bbe40069,0x8ab7404063ec4dbcfd4598215992dc3f8ec853d7,0,79676,56051763496,0,1,0x095ea7b300000000000000000000000068b3465833fb72a70ecdf485e0e4c7bd8665fc45ffffffffffffffffffffffffffffffffffffffffffffffffffffffffffffffff,,15854043,65828,2085890,0x095ea7b3,"approve(address _spender, uint256 _value)",0,sent,0x6d88bcae643b32b24d33a0cfe265c4f7bbe40069
64,13887242,1640607366,0x035b8c6d73bbb9b0a0e5b2bd73799a620027bf8efcd5dfa4e031be26d2c69c91,51,0xa5899221fdbdbfed1c83e5e652a67ffadd7625d37cf857e16cf140fa8ddd647f,333,0x6d88bcae643b32b24d33a0cfe265c4f7bbe40069,0x68b3465833fb72a70ecdf485e0e4c7bd8665fc45,0,226113,55877164292,0,1,0x5ae401dc0000000000000000000000000000000000000000000000000000000061c9b58c000000000000000000000000000000000000000000000000000000000000004000000000000000000000000000000000000000000000000000000000000000020000000000000000000000000000000000000000000000000000000000000040000000000000000000000000000000000000000000000000000000000000016000000000000000000000000000000000000000000000000000000000000000e4472b43f30000000000000000000000000000000000000000000015cb576ebc04108e4c0200000000000000000000000000000000000000000000000009044990408a02b10000000000000000000000000000000000000000000000000000000000000080000000000000000000000000000000000000000000000000000000000000000200000000000000000000000000000000000000000000000000000000000000020000000000000000000000008ab7404063ec4dbcfd4598215992dc3f8ec853d7000000000000000000000000c02aaa39b223fe8d0a0e5c4f27ead9083c756cc200000000000000000000000000000000000000000000000000000000000000000000000000000000000000000000000000000000000000000000004449404b7c00000000000000000000000000000000000000000000000009044990408a02b10000000000000000000000006d88bcae643b32b24d33a0cfe265c4f7bbe4006900000000000000000000000000000000000000000000000000000000,,24839308,159500,2085888,0x5ae401dc,"multicall(uint256 deadline, bytes[] data)",0,sent,0x6d88bcae643b32b24d33a0cfe265c4f7bbe40069
65,13887252,1640607508,0x00152be63801493d9afb5f053941d47376b6064838fbddd6ae81f1a024f27fe0,52,0x1943a2958799656deb75d6a2a0bc504cbe7fc27ccaddacf9ff671aa522eb09e2,182,0x6d88bcae643b32b24d33a0cfe265c4f7bbe40069,0x3abf2a4f8452ccc2cf7b4c1e4663147600646f66,0,55846,54225148724,0,1,0x095ea7b300000000000000000000000068b3465833fb72a70ecdf485e0e4c7bd8665fc45ffffffffffffffffffffffffffffffffffffffffffffffffffffffffffffffff,,28657172,46539,2085878,0x095ea7b3,"approve(address _spender, uint256 _value)",0,sent,0x6d88bcae643b32b24d33a0cfe265c4f7bbe40069
66,13887256,1640607610,0x39640beeb45e4bef92884d1105b7ed27aaf8a7b0f98598b69f9ec1c7dda6a862,53,0xe6ac85de4bb8cdec4d5e087d137021fbe0bd9300de4421e0584d50278e0b0640,167,0x6d88bcae643b32b24d33a0cfe265c4f7bbe40069,0x68b3465833fb72a70ecdf485e0e4c7bd8665fc45,0,184194,63899808259,0,1,0x5ae401dc0000000000000000000000000000000000000000000000000000000061c9b61c000000000000000000000000000000000000000000000000000000000000004000000000000000000000000000000000000000000000000000000000000000020000000000000000000000000000000000000000000000000000000000000040000000000000000000000000000000000000000000000000000000000000016000000000000000000000000000000000000000000000000000000000000000e404e45aaf0000000000000000000000003abf2a4f8452ccc2cf7b4c1e4663147600646f66000000000000000000000000c02aaa39b223fe8d0a0e5c4f27ead9083c756cc200000000000000000000000000000000000000000000000000000000000027100000000000000000000000000000000000000000000000000000000000000002000000000000000000000000000000000000000000003a011831359ec95600000000000000000000000000000000000000000000000000000a1d1c1a3623094e000000000000000000000000000000000000000000000000000000000000000000000000000000000000000000000000000000000000000000000000000000000000000000000000000000000000000000000000000000000000004449404b7c0000000000000000000000000000000000000000000000000a1d1c1a3623094e0000000000000000000000006d88bcae643b32b24d33a0cfe265c4f7bbe4006900000000000000000000000000000000000000000000000000000000,,11299139,127367,2085874,0x5ae401dc,"multicall(uint256 deadline, bytes[] data)",0,sent,0x6d88bcae643b32b24d33a0cfe265c4f7bbe40069
67,13887264,1640607662,0x1299b359085a8f7182b8592937d62437e13869f2d5e79b8a67ee6dbe144fda2b,54,0x81f6b4f7aa9b041f164f8529967948b4cbfc0b2982f5b5a30b515a266861fefa,133,0x6d88bcae643b32b24d33a0cfe265c4f7bbe40069,0x9355372396e3f6daf13359b7b607a3374cc638e0,0,55856,53852264967,0,1,0x095ea7b300000000000000000000000068b3465833fb72a70ecdf485e0e4c7bd8665fc45ffffffffffffffffffffffffffffffffffffffffffffffffffffffffffffffff,,10136604,46547,2085866,0x095ea7b3,"approve(address _spender, uint256 _value)",0,sent,0x6d88bcae643b32b24d33a0cfe265c4f7bbe40069
68,13887266,1640607683,0x53c72da39e5c51006387a7363657fd6669d856708d93eb63c0e1b3c026296aae,55,0x919b3d5a40f6df15b2eb4df4d31eb3695a2f1fbb48ba2721946a6d3e621d8a14,145,0x6d88bcae643b32b24d33a0cfe265c4f7bbe40069,0x68b3465833fb72a70ecdf485e0e4c7bd8665fc45,0,179600,53878010951,0,1,0x5ae401dc0000000000000000000000000000000000000000000000000000000061c9b6b6000000000000000000000000000000000000000000000000000000000000004000000000000000000000000000000000000000000000000000000000000000020000000000000000000000000000000000000000000000000000000000000040000000000000000000000000000000000000000000000000000000000000016000000000000000000000000000000000000000000000000000000000000000e4472b43f3000000000000000000000000000000000000000000000000000000000014244000000000000000000000000000000000000000000000000006efeb8c74a3c57a0000000000000000000000000000000000000000000000000000000000000080000000000000000000000000000000000000000000000000000000000000000200000000000000000000000000000000000000000000000000000000000000020000000000000000000000009355372396e3f6daf13359b7b607a3374cc638e0000000000000000000000000c02aaa39b223fe8d0a0e5c4f27ead9083c756cc200000000000000000000000000000000000000000000000000000000000000000000000000000000000000000000000000000000000000000000004449404b7c00000000000000000000000000000000000000000000000006efeb8c74a3c57a0000000000000000000000006d88bcae643b32b24d33a0cfe265c4f7bbe4006900000000000000000000000000000000000000000000000000000000,,11342544,110323,2085864,0x5ae401dc,"multicall(uint256 deadline, bytes[] data)",0,sent,0x6d88bcae643b32b24d33a0cfe265c4f7bbe40069
69,13887289,1640607910,0x19084640a1e3b1cebbd4f728dfec91d9e48954bf796b019824899444010b1e1f,56,0x9bbe15738d4fe3348b152af98b18058b857c5c576f806084c42e86b592af1e60,200,0x6d88bcae643b32b24d33a0cfe265c4f7bbe40069,0xbbff34e47e559ef680067a6b1c980639eeb64d24,0,55807,47997810755,0,1,0x095ea7b300000000000000000000000068b3465833fb72a70ecdf485e0e4c7bd8665fc45ffffffffffffffffffffffffffffffffffffffffffffffffffffffffffffffff,,17218228,46506,2085841,0x095ea7b3,"approve(address _spender, uint256 _value)",0,sent,0x6d88bcae643b32b24d33a0cfe265c4f7bbe40069
70,13887307,1640608182,0x51c7617a6b82b22e5217c57645f0aa43d4f3e80382edd47c0a1bb4bb90eb3a63,57,0xc1276d456dc540c290f7d91d46f89b691d20ed88b74e1d17d891c3322ac6468c,64,0x6d88bcae643b32b24d33a0cfe265c4f7bbe40069,0x68b3465833fb72a70ecdf485e0e4c7bd8665fc45,0,179365,49513275749,0,1,0x5ae401dc0000000000000000000000000000000000000000000000000000000061c9b892000000000000000000000000000000000000000000000000000000000000004000000000000000000000000000000000000000000000000000000000000000020000000000000000000000000000000000000000000000000000000000000040000000000000000000000000000000000000000000000000000000000000016000000000000000000000000000000000000000000000000000000000000000e404e45aaf000000000000000000000000bbff34e47e559ef680067a6b1c980639eeb64d24000000000000000000000000c02aaa39b223fe8d0a0e5c4f27ead9083c756cc20000000000000000000000000000000000000000000000000000000000000bb80000000000000000000000000000000000000000000000000000000000000002000000000000000000000000000000000000000000000f0d97b7074fa3d4fc0000000000000000000000000000000000000000000000000002b50fdb44243801000000000000000000000000000000000000000000000000000000000000000000000000000000000000000000000000000000000000000000000000000000000000000000000000000000000000000000000000000000000000004449404b7c00000000000000000000000000000000000000000000000002b50fdb442438010000000000000000000000006d88bcae643b32b24d33a0cfe265c4f7bbe4006900000000000000000000000000000000000000000000000000000000,,6327049,123343,2085823,0x5ae401dc,"multicall(uint256 deadline, bytes[] data)",0,sent,0x6d88bcae643b32b24d33a0cfe265c4f7bbe40069
71,13887324,1640608378,0x8ff88cf2086acc27f11eadeae55bda8b8c2ca9afc9d2428ae55ff2258a7cb284,58,0x2749889d895d5921a376b231a167fa6058c510f2163cb44e6e340d546ab911b9,315,0x6d88bcae643b32b24d33a0cfe265c4f7bbe40069,0x2e071d2966aa7d8decb1005885ba1977d6038a65,0,55777,48975432131,0,1,0x095ea7b300000000000000000000000068b3465833fb72a70ecdf485e0e4c7bd8665fc45ffffffffffffffffffffffffffffffffffffffffffffffffffffffffffffffff,,29975757,46481,2085806,0x095ea7b3,"approve(address _spender, uint256 _value)",0,sent,0x6d88bcae643b32b24d33a0cfe265c4f7bbe40069
72,13887330,1640608454,0x6cfcb13f148ddaa4f60ce7ac90f45317dc53fa8b6dee1818f2cf278d2f5a71b9,59,0xbf1b16b9818cafc0ce4f61d6492396cffe8cf9e25d1d2cefa15a4d50d7eb99c8,118,0x6d88bcae643b32b24d33a0cfe265c4f7bbe40069,0x68b3465833fb72a70ecdf485e0e4c7bd8665fc45,0,222094,50998033024,0,1,0x5ae401dc0000000000000000000000000000000000000000000000000000000061c9b98f000000000000000000000000000000000000000000000000000000000000004000000000000000000000000000000000000000000000000000000000000000020000000000000000000000000000000000000000000000000000000000000040000000000000000000000000000000000000000000000000000000000000016000000000000000000000000000000000000000000000000000000000000000e404e45aaf0000000000000000000000002e071d2966aa7d8decb1005885ba1977d6038a65000000000000000000000000c02aaa39b223fe8d0a0e5c4f27ead9083c756cc2000000000000000000000000000000000000000000000000000000000000271000000000000000000000000000000000000000000000000000000000000000020000000000000000000000000000000000000000000000002fd3ebf3508d82f5000000000000000000000000000000000000000000000000084e67515c1259ad000000000000000000000000000000000000000000000000000000000000000000000000000000000000000000000000000000000000000000000000000000000000000000000000000000000000000000000000000000000000004449404b7c000000000000000000000000000000000000000000000000084e67515c1259ad0000000000000000000000006d88bcae643b32b24d33a0cfe265c4f7bbe4006900000000000000000000000000000000000000000000000000000000,,7774448,158951,2085800,0x5ae401dc,"multicall(uint256 deadline, bytes[] data)",0,sent,0x6d88bcae643b32b24d33a0cfe265c4f7bbe40069
73,13896245,1640728229,0xbcb8e1e6389b211bd6bf5569dd3a929fdc26da7d693fe59935f9d0ef3ee24e25,60,0x49bc41d97a4d0f28f5a76d33c976cf371b7c8d440ca6de031e157a5af4c4055e,367,0x6d88bcae643b32b24d33a0cfe265c4f7bbe40069,0x66bd8bfcbb1e818efc8cb3967afbbe6850546265,150000000000000000,21000,112208291253,0,1,0x,,24285382,21000,2076885,0x,,0.15,sent,0x6d88bcae643b32b24d33a0cfe265c4f7bbe40069
74,14081891,1643208343,0x9ddcc9ed3fdf01a50e8f50df46b919cabeaa5e0cb768bb3e35863493d37b4bcf,61,0x4095382873d907cae93fb6180294f4b001062663337c6c421153f2aaa0c2586b,256,0x6d88bcae643b32b24d33a0cfe265c4f7bbe40069,0x94e0bab2f6ab1f19f4750e42d7349f2740513ad5,0,77955,105301003619,0,1,0xa9059cbb000000000000000000000000ccbe579c802c4554a79ae48d14975f89c54ea135000000000000000000000000000000000000000000000001e304be27cbeb5dac,,28604198,47170,1891239,0xa9059cbb,"transfer(address _to, uint256 _value)",0,sent,0x6d88bcae643b32b24d33a0cfe265c4f7bbe40069
75,14081892,1643208352,0x399945cff52c5ae5966142056994aa3b96be7e1637ea5703c96b2535a3a572d5,62,0xb7c33b2b0bc1ffcb1868367cd1e86d6959f2de64c67be042626929b75243d549,146,0x6d88bcae643b32b24d33a0cfe265c4f7bbe40069,0x24b24af104c961da1ba5bccce4410d49aa558477,0,77244,118273225472,0,1,0xa9059cbb000000000000000000000000ccbe579c802c4554a79ae48d14975f89c54ea135000000000000000000000000000000000000000000000000e5a5de88685d65d3,,11218110,46696,1891238,0xa9059cbb,"transfer(address _to, uint256 _value)",0,sent,0x6d88bcae643b32b24d33a0cfe265c4f7bbe40069
76,14081892,1643208352,0x11d89263c4125441303c60b313f31786fc7fe050a0246abce1d9ad04dcb26d81,63,0xb7c33b2b0bc1ffcb1868367cd1e86d6959f2de64c67be042626929b75243d549,212,0x6d88bcae643b32b24d33a0cfe265c4f7bbe40069,0x95ad61b0a150d79219dcf64e1e6cc01f0b64c4ce,0,77896,118273225472,0,1,0xa9059cbb000000000000000000000000ccbe579c802c4554a79ae48d14975f89c54ea135000000000000000000000000000000000000000003df5e02bf0ef775a3e45f50,,19735597,47131,1891238,0xa9059cbb,"transfer(address _to, uint256 _value)",0,sent,0x6d88bcae643b32b24d33a0cfe265c4f7bbe40069
77,14081909,1643208525,0xeb9371186e5d7519405fbd5c89f1eb7c26400981dc1f014d0603dc43d12d4b08,64,0xc0bd25e1e6d6258af28a4341f74c44ba088d7a46c7c7c1374acccbaab81e45a3,233,0x6d88bcae643b32b24d33a0cfe265c4f7bbe40069,0xccbe579c802c4554a79ae48d14975f89c54ea135,110807519219994633572,21000,133076183420,0,1,0x,,17105064,21000,1891221,0x,,110.807519219994633572,sent,0x6d88bcae643b32b24d33a0cfe265c4f7bbe40069
