,blockNumber,timeStamp,hash,nonce,blockHash,transactionIndex,from,to,value,gas,gasPrice,isError,txreceipt_status,input,contractAddress,cumulativeGasUsed,gasUsed,confirmations,methodId,functionName,eth value,txn type,AccountId
0,5598813,1526099333,0xa73d22d1a84c0091993660cc9dd65481a7a5a3320723704fba75a508230f4ba2,0,0xd0f50a8dfafa45c3e01ebf3303970f09cffd2998c22b8c210c28fff773e7b766,8,0xa4b10a76d044ed65fbdb02f1d0b78d1626a6eacd,0x873a35f651892aee1d9360be80ae904f7d76068f,1000000000000000000,21000,41000000000,0,1,0x,,270903,21000,10376803,0x,,1,received,0x873a35f651892aee1d9360be80ae904f7d76068f
1,5628865,1526554784,0x49165eada3da483294afd77b0cf8d35969ef2f70a0f724b53db509c9bfb60700,0,0x1104002541f44e6ea818ba19e57e2a55252e8459e5198b441511d55cb878c304,10,0x873a35f651892aee1d9360be80ae904f7d76068f,0x6e6dd4e95fbb4afa508c9a5ec37b77d63828d900,999139000000000000,21000,41000000000,0,1,0x,,387924,21000,10346751,0x,,0.999139,sent,0x873a35f651892aee1d9360be80ae904f7d76068f
