,blockNumber,timeStamp,hash,nonce,blockHash,transactionIndex,from,to,value,gas,gasPrice,isError,txreceipt_status,input,contractAddress,cumulativeGasUsed,gasUsed,confirmations,methodId,functionName,eth value,txn type,AccountId
0,9210186,1578092313,0xaabcbf01b99976a7c33cccb5c6b2d6b4f295c5b2d2b8d294a3c86395a1328623,0,0x8b02796fa9394a5a1b190dfa2fa927eec0ce3e1fa474965cae1fff18939774da,30,0xa0296f29adfac170bbd50490634fb977101a2585,0x88d243d689c91a9375ca7fde44fba1e0c1dc1c5d,2000000000000000000,21000,5000000000,0,1,0x,,2055634,21000,6763426,0x,,2,received,0x88d243d689c91a9375ca7fde44fba1e0c1dc1c5d
1,9210483,1578096567,0x25a113dd692f80dc6b84350c7ae30d67d3a58a6945e38e30587352e8cb1fdf59,0,0xac3c5563244a22433f5c86cdccef3ceb8c4f8ceaffcaa6d32a699500ee4927be,34,0x8f90eaaf5e3f7fb41213864d9c84ac3fc9f5006e,0x88d243d689c91a9375ca7fde44fba1e0c1dc1c5d,6999857780000000000,21000,5000000000,0,1,0x,,2326977,21000,6763129,0x,,6.99985778,received,0x88d243d689c91a9375ca7fde44fba1e0c1dc1c5d
2,9210719,1578099643,0xc8852969e94373c37cdfc6f609fbdb273a29c71d98cd941af62b88023ea15bbc,0,0x28259532c8e2af15d7c907aa3189af311f59dd84d45f15160edaad77f8ca8778,46,0xa105d36a13f36ef68951b8583b8265d792f078ba,0x88d243d689c91a9375ca7fde44fba1e0c1dc1c5d,5000000000000000000,21000,5000000000,0,1,0x,,1951479,21000,6762893,0x,,5,received,0x88d243d689c91a9375ca7fde44fba1e0c1dc1c5d
3,9210856,1578101486,0xfce96fc7e15b591b6da9d19d7bc373c885d5740a7cc1da14ac5e41a465e4f674,0,0x65f42ef552a7e953a4d27682288d3df0408ff950a6b0244958e52a034b7ce029,101,0x5817206262d94bddc88d9e8add797def929eda12,0x88d243d689c91a9375ca7fde44fba1e0c1dc1c5d,15065345938006101,21000,1000000000,0,1,0x,,9161758,21000,6762756,0x,,0.015065345938006101,received,0x88d243d689c91a9375ca7fde44fba1e0c1dc1c5d
4,9210857,1578101495,0xe45603e77a11c8566e7e9ea00ad4a5bbfbfee5bc0b5e517e159c7a414ee0e9ba,1,0x351e04bd4ad86606a164fe01d37ad1dfa4bfc347ee2f231a13ec719393f4b449,110,0x5817206262d94bddc88d9e8add797def929eda12,0x88d243d689c91a9375ca7fde44fba1e0c1dc1c5d,2000000000000000000,21000,1000000000,0,1,0x,,9402661,21000,6762755,0x,,2,received,0x88d243d689c91a9375ca7fde44fba1e0c1dc1c5d
5,9211184,1578105666,0xa02c077287290e12bf74cd654320611e43f8483c24768a1d4a8f216b96b2de88,0,0x15b55306225e46398694dd4f7b96f7687c04d90ea93a10b7d90ed4e496fdb7d4,45,0x4995d37815918998fa6afcdb3ec1531d388af4d5,0x88d243d689c91a9375ca7fde44fba1e0c1dc1c5d,3025410000000000,21000,4000000000,0,1,0x,,2035550,21000,6762428,0x,,0.00302541,received,0x88d243d689c91a9375ca7fde44fba1e0c1dc1c5d
6,9480076,1581668996,0xebcab037e5808003a80b5a8389581a36bea0657c768149269390e408dc71bb10,0,0x7ba1f3fc5b23b6850a18a3ae726462e5ebd48b1318542419d389b7eec39de555,181,0x88d243d689c91a9375ca7fde44fba1e0c1dc1c5d,0xe34f0f63e9fa5b2dd8fc4b7f71aa2e654d1f92a6,16017759530000000000,21000,9000000000,0,1,0x,,4766613,21000,6493536,0x,,16.01775953,sent,0x88d243d689c91a9375ca7fde44fba1e0c1dc1c5d
