,blockNumber,timeStamp,hash,nonce,blockHash,transactionIndex,from,to,value,gas,gasPrice,isError,txreceipt_status,input,contractAddress,cumulativeGasUsed,gasUsed,confirmations,methodId,functionName,eth value,txn type,AccountId
0,6242690,1535662841,0x77d8dd9d806fb1f1ed9885bec716f2178e4315631698343f2747f024e139b1b7,979951,0x5b9ceaa76e91d4a15bc5da627be6034a8cd70ea678d24064428b0643cd4c72aa,15,0xd551234ae421e3bcba99a0da6d736074f22192ff,0x9709d5a0f4d79fa488ddc918e633c839eb63b9d0,3150687220000000000,21000,45000000000,0,1,0x,,462121,21000,9730837,0x,,3.15068722,received,0x9709d5a0f4d79fa488ddc918e633c839eb63b9d0
1,6243641,1535676337,0x1235ade3df8e51ae6a91d78d94eec55b3b4c477835f5f5e0fcdb598e27a418d1,6415295,0xea2b510bb56951c92f775de74e6b357e7cc2819029dfa8c4250c07fdb44f81da,82,0xfbb1b73c4f0bda4f67dca266ce6ef42f520fbb98,0x9709d5a0f4d79fa488ddc918e633c839eb63b9d0,526500000000000000,150000,50000000000,0,1,0x,,1798893,21000,9729886,0x,,0.5265,received,0x9709d5a0f4d79fa488ddc918e633c839eb63b9d0
2,6247298,1535729141,0xd5b21849ba69e390d73428bf4466340f62d020c97b3af4eaa8e3c1cbeb39034b,0,0xe168969a8ec30180889e13ad596cbc87325720a9f6dea55f5f11d10d28b3d80a,66,0x9709d5a0f4d79fa488ddc918e633c839eb63b9d0,0xef99cdbd5cd2f0e2f62f3495760ff61687f71a64,3677117920000000000,21000,3300000000,0,1,0x,,7818450,21000,9726229,0x,,3.67711792,sent,0x9709d5a0f4d79fa488ddc918e633c839eb63b9d0
3,6270319,1536064701,0x4750decf7c9afc047f14978dc2a18ce46825486230289064c508a5a9f3684da6,962704,0x9ef3423f34bc54c13a901214017acf44920b97387fee4f89d24df2600dd0178f,24,0x0681d8db095565fe8a346fa0277bffde9c0edbbf,0x9709d5a0f4d79fa488ddc918e633c839eb63b9d0,3459028360000000000,21000,45000000000,0,1,0x,,738143,21000,9703208,0x,,3.45902836,received,0x9709d5a0f4d79fa488ddc918e633c839eb63b9d0
4,6271552,1536082684,0xb34bb6bc8f407ba832c055a2021e53943a6faa4702ada7b6047ba49869f3bd1c,2,0x8596efc8a4ed797ad3230b39338da8df07519fa116077c43c29cb0594820706c,108,0xbb07b227aa324b1dde441346c760bcd3b58fcddd,0x9709d5a0f4d79fa488ddc918e633c839eb63b9d0,1000000000000000000,21000,2700000000,0,1,0x,,7974137,21000,9701975,0x,,1,received,0x9709d5a0f4d79fa488ddc918e633c839eb63b9d0
5,6271921,1536087846,0x5bb1a37ec256a80790568cd32411c8c5247b6d2aaf8f76935d777458aef398ed,963322,0x4c994981bba036498bcf5e702dda300753fffb9b6f2425da567d939f8f101635,3,0x0681d8db095565fe8a346fa0277bffde9c0edbbf,0x9709d5a0f4d79fa488ddc918e633c839eb63b9d0,1000000000000000000,21000,45000000000,0,1,0x,,100468,21000,9701606,0x,,1,received,0x9709d5a0f4d79fa488ddc918e633c839eb63b9d0
6,6278685,1536185285,0x0f672b8a70c7f81aa24195ae66a7ec4af129fe1ba00c317a6b46fd35f657d7f1,1,0xba05eb9c0e8b541edd01ec011919859e941547c0e8dec8912f7759f089dceb97,125,0x9709d5a0f4d79fa488ddc918e633c839eb63b9d0,0xef99cdbd5cd2f0e2f62f3495760ff61687f71a64,5458977540000000000,21000,2420000000,0,1,0x,,5789974,21000,9694842,0x,,5.45897754,sent,0x9709d5a0f4d79fa488ddc918e633c839eb63b9d0
