,blockNumber,timeStamp,hash,nonce,blockHash,transactionIndex,from,to,value,gas,gasPrice,isError,txreceipt_status,input,contractAddress,cumulativeGasUsed,gasUsed,confirmations,methodId,functionName,eth value,txn type,AccountId
0,1928141,1469137820,0xe40cb10c8af4971a2edc343d83b9090effef685837f7a7fd023d81f65e0e9932,109608,0xf10e917297f134f54eeafb6f1e2745ae1b57f310003f263ee68d45551fae3952,1,0x32be343b94f860124dc4fee278fdcbd38c102d88,0xaa599a0eed756ea19c113a0824af98431a0f4350,359885187170000000000,333333,30000000000,0,,0x,,42000,21000,14046993,0x,,359.88518717,received,0xaa599a0eed756ea19c113a0824af98431a0f4350
1,1928170,1469138173,0x76168226b74fc60aebac8acacae006d693c4b7c68d1f5c62f4d6996b6d11ede2,0,0xaaf2eee8526b490078d2116e6820f48e6a0276d655ef913a94dc41d08b27b458,54,0xaa599a0eed756ea19c113a0824af98431a0f4350,0xa3d7387cfe3f9b56b4fb9f26394f94aa8d3865db,359884767170000000000,21000,20000000000,0,,0x,,1189156,21000,14046964,0x,,359.88476717,sent,0xaa599a0eed756ea19c113a0824af98431a0f4350
2,1944792,1469377166,0x28b2479c37ebb7a1b5bb2f1e00748c09d772e59df1f182bc811698dd2ef93bcd,112678,0xf7ee2ba42c4de64ed96c476070f0c4df0e5320218c3ca9e612490b1e091b29b7,2,0x32be343b94f860124dc4fee278fdcbd38c102d88,0xaa599a0eed756ea19c113a0824af98431a0f4350,25191487660000000000,333333,30000000000,0,,0x,,71130,21000,14030342,0x,,25.19148766,received,0xaa599a0eed756ea19c113a0824af98431a0f4350
3,1944801,1469377283,0x2bebaa71bc9ad7bb18632ee64b0706582294b8aadbe6506ef2a1b50a2e907e3b,1,0xfec5163cbd58773c4051324ef035a71072cac26e7942ac9b14154abefb8c3233,15,0xaa599a0eed756ea19c113a0824af98431a0f4350,0xa76a057bc9c4acaa6210021c3e1cc32aaacc400c,25191067660000000000,21000,20000000000,0,,0x,,391805,21000,14030333,0x,,25.19106766,sent,0xaa599a0eed756ea19c113a0824af98431a0f4350
4,2165384,1472533668,0x03c752e51000517be7af42cf02a93ab82a59b80a0bf8a32b9b277f5993745706,1346,0x59f9bcce7b5a62e705ad4acacd2dc16f5466a88e832aa5b5e1076c872b76f000,6,0xd24400ae8bfebb18ca49be86258a3c749cf46853,0xaa599a0eed756ea19c113a0824af98431a0f4350,161000000000000000000,90000,20000000000,0,,0x,,147000,21000,13809750,0x,,161,received,0xaa599a0eed756ea19c113a0824af98431a0f4350
5,2165399,1472533917,0x76ca9110f3eaf45240e500fd1b3a93f0c1a7e89d969107dec5e3bee323d695d0,2,0xcda2ba87222c7cba3235f32d36c49cea74ad0a8785b2b37dcfcc013c7c40b5e3,39,0xaa599a0eed756ea19c113a0824af98431a0f4350,0xaa1a6e3e6ef20068f7f8d8c835d2d22fd5116444,160998200000000000000,90000,20000000000,0,,0x0f2c9329000000000000000000000000e25ddf6fd9244f7cec62c98cbc1e703a0a22d4ea000000000000000000000000aa599a0eed756ea19c113a0824af98431a0f4350,,1169582,31561,13809735,0x0f2c9329,"split(address targetFork, address targetNoFork)",160.9982,sent,0xaa599a0eed756ea19c113a0824af98431a0f4350
6,2477674,1477005365,0x356a707300c2bc35687fc006824c500572dc2ae853b5e9c75ae64e0d0a65f264,163824,0xb3b55f84863ab3c47f00cb773073fb66a1e11b4b679ebde3307fd21fbb28b88c,30,0x32be343b94f860124dc4fee278fdcbd38c102d88,0xaa599a0eed756ea19c113a0824af98431a0f4350,38913475730000000000,333333,30000000000,0,,0x,,651000,21000,13497460,0x,,38.91347573,received,0xaa599a0eed756ea19c113a0824af98431a0f4350
7,2477687,1477005560,0xa83d4c79e1cde2817aec99b87f48e59f9ab2552d59d01035a644bf5ae992103a,3,0x70cbbbf24bde1c146eca9e052538160df03dfc24cf44c0d4e40df8fff9b8c5d8,4,0xaa599a0eed756ea19c113a0824af98431a0f4350,0xaa1a6e3e6ef20068f7f8d8c835d2d22fd5116444,38912664510000000000,90000,22000000000,0,,0x0f2c9329000000000000000000000000178106c18d9c0d28d7d99d0f44e3105b775f13fd000000000000000000000000aa599a0eed756ea19c113a0824af98431a0f4350,,129027,33181,13497447,0x0f2c9329,"split(address targetFork, address targetNoFork)",38.91266451,sent,0xaa599a0eed756ea19c113a0824af98431a0f4350
8,2677417,1479866837,0x69725e39d6441effda69d6a6fbd00a1ac2428c8eaea37557e3d696c1fec312c6,4,0x51026678157c497d5ae691b562483b7afac100d05b2ebb69b24f044a85e17039,19,0xaa599a0eed756ea19c113a0824af98431a0f4350,0xd8cb0c12b1d209507c64ac0b448a02497ca7c705,830018000000000,21000,20000000000,0,,0x,,1143378,21000,13297717,0x,,0.000830018,sent,0xaa599a0eed756ea19c113a0824af98431a0f4350
9,3396542,1490162547,0xd9fc9328b57a782d1ec0562da6c32aa8cd88a1ee2a589a3270615edc21c0d9df,6,0x37685b38794e8e8b3b8d6e12bcebb05ea7e5a6bf82b3df6656c5c18d1d3aa638,19,0xb507fc40f9095807585b93ddac685b5ef54751ad,0xaa599a0eed756ea19c113a0824af98431a0f4350,542989140000000000,21000,20000000000,0,,0x,,577348,21000,12578592,0x,,0.54298914,received,0xaa599a0eed756ea19c113a0824af98431a0f4350
10,3396569,1490162772,0x5acdcd0042c4f05eb64edf3d7f0008750d30bd3296c6568a5343be6e9a59d9be,5,0x10ad7c71de5c3d2fe9bba9236134fd1b26537166f17ff2a2bfa703a9415406b0,5,0xaa599a0eed756ea19c113a0824af98431a0f4350,0x1f8a9384739ba88f8c1892c5dfc1abc3e6557dbf,542569140000000000,21000,20000000000,0,,0x,,170478,21000,12578565,0x,,0.54256914,sent,0xaa599a0eed756ea19c113a0824af98431a0f4350
11,3412887,1490400424,0x4ff28713172b0822cb401203d793956b88483665050ea54d63277099c9c1f654,244417,0x03a302678f095f0211259e0e852cf6b3a2896263f4e1d4427e281168fad95fc7,0,0x32be343b94f860124dc4fee278fdcbd38c102d88,0xaa599a0eed756ea19c113a0824af98431a0f4350,26438283540000000000,333333,30000000000,0,,0x,,21000,21000,12562247,0x,,26.43828354,received,0xaa599a0eed756ea19c113a0824af98431a0f4350
12,3412901,1490400634,0x83fcdff194bb42aeb12b5846960fbe6e468b8526069158f690dffdc522ad59fa,6,0xc4dff613d2d673d60f1d42d561a1924134d25b519874ffa7ca197cb11c281154,35,0xaa599a0eed756ea19c113a0824af98431a0f4350,0xae43bc21ccb4270b77a5e49aad9664a0b6e47758,26437863540000000000,21000,20000000000,0,,0x,,894104,21000,12562233,0x,,26.43786354,sent,0xaa599a0eed756ea19c113a0824af98431a0f4350
13,3441363,1490813845,0x4c88444a1e04d5d65170b1b22f16ae7db05355e6debd5cb3dad7fdc2c1b86bdf,0,0x995d60ae36cf2901da43b1ae5bb45c0c7b777503830d7907efe0075397f92b8e,19,0x9c5a7de96fcccd2eed58f66f40d0d42c36df97f4,0xaa599a0eed756ea19c113a0824af98431a0f4350,1000000000000000000,121001,7000000000,0,,0x,,608198,21000,12533771,0x,,1,received,0xaa599a0eed756ea19c113a0824af98431a0f4350
14,3441386,1490814144,0x2452ff3f10dac1a0a8c8404c2a45ca23b9b7ffc505ac93b3ca11534f3e1fe4fb,7,0xb9370ba33f87cc90e2a37714ce71f86f8cb66151a961cccd6c22d49a7b078bed,6,0xaa599a0eed756ea19c113a0824af98431a0f4350,0x5500652436eaf75f37cb4986a53cd5eacbb11e2b,999580000000000000,21000,20000000000,0,,0x,,175590,21000,12533748,0x,,0.99958,sent,0xaa599a0eed756ea19c113a0824af98431a0f4350
15,3441467,1490815470,0x0de4f3cdecc5c3a3637a68097f8dc2aff91f18189dd1adddb9d4fc8fd14a5a4e,1,0x985149cc2e9c19eee8271377eb0dff64a15692a22599fb1c2a19c3548856324c,29,0x9c5a7de96fcccd2eed58f66f40d0d42c36df97f4,0xaa599a0eed756ea19c113a0824af98431a0f4350,500000000000000000000,121001,11000000000,0,,0x,,862897,21000,12533667,0x,,500,received,0xaa599a0eed756ea19c113a0824af98431a0f4350
16,3441480,1490815716,0xaf22eb4f4556459482103aad85661dca719815bb415934ea3b9c6054ebff2857,8,0x2c95a1b01e3f5b4736dc4f8f57dda74a37fd256c7b2fd0d92fff2b7b5f75773f,40,0xaa599a0eed756ea19c113a0824af98431a0f4350,0x2fa89baa2bfef39777806c028c5b2eacac00cb00,499999580000000000000,21000,20000000000,0,,0x,,1533896,21000,12533654,0x,,499.99958,sent,0xaa599a0eed756ea19c113a0824af98431a0f4350
17,3441488,1490815835,0x76aaa15ee0944a63bb6aef6c1e0d8b30f3debe88f5854c196618eef6c0a36e78,2,0x0d89b501456d4f75316e228b858aeb9109ebca1ea7ebef7c75f8215361044d73,8,0x9c5a7de96fcccd2eed58f66f40d0d42c36df97f4,0xaa599a0eed756ea19c113a0824af98431a0f4350,497980000000000000000,121001,10000000000,0,,0x,,266147,21000,12533646,0x,,497.98,received,0xaa599a0eed756ea19c113a0824af98431a0f4350
18,3441488,1490815835,0xb60c36a7ea64db19078d0982b1c9c44deda52441a57457d4d6ee0bf79b3bbc9a,0,0x0d89b501456d4f75316e228b858aeb9109ebca1ea7ebef7c75f8215361044d73,9,0xa51ac473729ab8184ce62edfbc7ee42ee94723d0,0xaa599a0eed756ea19c113a0824af98431a0f4350,999000000000000000,121001,7000000000,0,,0x,,287147,21000,12533646,0x,,0.999,received,0xaa599a0eed756ea19c113a0824af98431a0f4350
19,3441494,1490815886,0x225b6beaa896b61d46f23af49ee673153ef1a4409d86193eae5d92565ea13996,9,0x5ebb7472abc215cac102c34dca5365d04358772e0fc462eeebc9d319b795d399,3,0xaa599a0eed756ea19c113a0824af98431a0f4350,0x69eac2363c1372bdedbaa4549759708e72f1e520,498978577441180828000,21000,20121848532,0,,0x,,234168,21000,12533640,0x,,498.978577441180828,sent,0xaa599a0eed756ea19c113a0824af98431a0f4350
20,3441564,1490816924,0xa35c108acdf6f7003538ab5e7f3147e3c6586bffca481fd5466899816ec5816c,3,0x31000221b0c5cf513c19815e81fd7b603a017820fa43645b34933f03b35df7a7,13,0x9c5a7de96fcccd2eed58f66f40d0d42c36df97f4,0xaa599a0eed756ea19c113a0824af98431a0f4350,1999999201990000000000,21001,10000000000,0,,0x,,566880,21000,12533570,0x,,1999.99920199,received,0xaa599a0eed756ea19c113a0824af98431a0f4350
21,3441577,1490817087,0xba0d99dbd96085edb08d8a62b437a419a39f0b2bfd98ba43395c312183c44d7a,10,0x32f6298476a52428fc9681627c2342fd1b9f6391cbd4f862968e59983305b86f,11,0xaa599a0eed756ea19c113a0824af98431a0f4350,0x09d4ab4d4dbfd03ff01b1a7332fed727ae42dd67,1999998760990000000000,21000,21000000000,0,,0x,,449967,21000,12533557,0x,,1999.99876099,sent,0xaa599a0eed756ea19c113a0824af98431a0f4350
22,3747231,1495429843,0xcc260d05509ae1e4408b5409b6dbc203af97553092a48232fe7108bb5a92b1f9,169979,0xf3955ed7a5164930ff6c2f4628a18e1f76d378a371777cfd6d57200511029d22,44,0xfbb1b73c4f0bda4f67dca266ce6ef42f520fbb98,0xaa599a0eed756ea19c113a0824af98431a0f4350,1999000000000000000,121001,21000000000,0,,0x,,2888952,21000,12227903,0x,,1.999,received,0xaa599a0eed756ea19c113a0824af98431a0f4350
23,3747244,1495430049,0xdbc18c454b4d2c67dbd911a45bf2faf66849275bcfbcacaf8d55ed98ffc43c45,11,0xd21153763589c24d1992f07ca9453376888e502807556dfb6788553d42cbd80f,53,0xaa599a0eed756ea19c113a0824af98431a0f4350,0x6a16ffb3b06e086f78972c83eeb488406c9d6c6e,1998559000000000000,21000,21000000000,0,,0x,,3889326,21000,12227890,0x,,1.998559,sent,0xaa599a0eed756ea19c113a0824af98431a0f4350
24,3753427,1495528982,0x513f665d80cc8101496e4c26b40de7ae5b7953ebdecd81280484c6a3a2e4b015,174653,0x3514ff7ca755101f2d911698a935be77256c2b16cc8b2fd4dc0fdebe828223e8,13,0xfbb1b73c4f0bda4f67dca266ce6ef42f520fbb98,0xaa599a0eed756ea19c113a0824af98431a0f4350,12999000000000000000,121001,20000000000,0,,0x,,404150,21000,12221707,0x,,12.999,received,0xaa599a0eed756ea19c113a0824af98431a0f4350
25,3753445,1495529289,0x1a161e6820d24da02fd443c9f6396f90e7653a50ff7be436e2630e7bf0a844da,12,0x07cd7d02432afb57b45ea907c3c74ea143d708d02481d8e172fb19e78eb7657d,11,0xaa599a0eed756ea19c113a0824af98431a0f4350,0x34e2baf7eb726b2076a9942b7bb62d2f248790d9,12998580000000000000,21000,20000000000,0,,0x,,313559,21000,12221689,0x,,12.99858,sent,0xaa599a0eed756ea19c113a0824af98431a0f4350
26,3762562,1495673548,0x203bf38ea1ec7ea28c1e83b0bb91c1f7607ea90a5f4e0a60ddcaf44225e6e85b,183714,0x91bd7a2c7c085600619d5f48b02d3d7b1b85f1c342f4428e21e539a79000ac0a,50,0xfbb1b73c4f0bda4f67dca266ce6ef42f520fbb98,0xaa599a0eed756ea19c113a0824af98431a0f4350,10099000000000000000,121001,22157999998,0,,0x,,2168984,21000,12212572,0x,,10.099,received,0xaa599a0eed756ea19c113a0824af98431a0f4350
27,3762579,1495673878,0x179aa0017fafca245fd324a312b86faf85e0d5a1439f3d52d3f2c51f2db870a1,13,0x5fe61315b9818ad76f6c1a01acaf792bc365c770154ecf063fd1e615ce1e520d,20,0xaa599a0eed756ea19c113a0824af98431a0f4350,0x16fc2aa67c4a0188da3b6717581b4e68bc0cc784,10098534682000042000,21000,22157999998,0,,0x,,469483,21000,12212555,0x,,10.098534682000042,sent,0xaa599a0eed756ea19c113a0824af98431a0f4350
28,3768557,1495768758,0xc19a6fbf1d226b88b3b2b60f17d6203160f72432146904e5f37d86524d0c165a,189195,0x0cc6c7b19f9803826e02937bf500948d6d956625a9b48ba03c0aa03f4e7a77fd,56,0xfbb1b73c4f0bda4f67dca266ce6ef42f520fbb98,0xaa599a0eed756ea19c113a0824af98431a0f4350,13148255050000000000,121001,21000000000,0,,0x,,1833829,21000,12206577,0x,,13.14825505,received,0xaa599a0eed756ea19c113a0824af98431a0f4350
29,3768571,1495768979,0x43e94b1ab1b53996d4c61035c94e328e7e8d4ce4b6c558e8965bac230e2708a7,14,0x8ad914100157b1db711ef55749b9d09e5b7056c35cced203635da0978e21ce17,16,0xaa599a0eed756ea19c113a0824af98431a0f4350,0xc78d9f96b91c5aecc225ddd12ffa67cdb380c985,13147814050000000000,21000,21000000000,0,,0x,,383254,21000,12206563,0x,,13.14781405,sent,0xaa599a0eed756ea19c113a0824af98431a0f4350
30,3799870,1496260723,0x1dd351f51a145219212a6b7e2316dc0baf8633030479ab4acd5fbecdd06d2268,14,0x05bc9f964f293a798da1e3c9b37059297c82a0826afede5d39a93ca7535e7460,5,0xa844391b441f2e926b0d3af6d7a4448cf633e187,0xaa599a0eed756ea19c113a0824af98431a0f4350,277000000000000000,21000,21000000000,0,,0x,,126000,21000,12175264,0x,,0.277,received,0xaa599a0eed756ea19c113a0824af98431a0f4350
31,3800000,1496262791,0x86ff5bc36bd8069987a41f719efe162102c517162a2270c1eddc762bd759ce21,15,0x21f423ddc160f0e0f8ca5fa89cb6f7e0e16209a34967d731f52bcbc22d6cab7f,118,0xaa599a0eed756ea19c113a0824af98431a0f4350,0x25b9c90ebd15ebcbdda006298a22247d8e260a43,276496000000000000,21000,24000000000,0,,0x,,2870844,21000,12175134,0x,,0.276496,sent,0xaa599a0eed756ea19c113a0824af98431a0f4350
32,3833449,1496818813,0xad2a1ab28b032a912e3ba1418b1f7bc7a46ba0c0cdf5c0e0c6471daf911b3024,7,0x66ab31c0580fc3c5392f252bdb75e74ffc11bb26722e8eda37c9c48414322a3b,14,0xb507fc40f9095807585b93ddac685b5ef54751ad,0xaa599a0eed756ea19c113a0824af98431a0f4350,9076000000000000,21000,24000000000,0,,0x,,695018,21000,12141685,0x,,0.009076,received,0xaa599a0eed756ea19c113a0824af98431a0f4350
33,3833453,1496818990,0xee64a5932a7c0490c6e8d1b978c312752f7e62d3c1014cd7873cfdb29eba84c6,16,0x98fb07c9bcc7e47f189324ca820e5e17564fd0938ba3e1ae02f6d1fb192ae1a3,112,0xaa599a0eed756ea19c113a0824af98431a0f4350,0xaa73868779729ab0e9981a32753224c00f3a09a8,8609186780218000,21000,22229200942,0,,0x,,4324451,21000,12141681,0x,,0.008609186780218,sent,0xaa599a0eed756ea19c113a0824af98431a0f4350
34,3919424,1498246740,0x596d24d344244908dd02fcc59d348814f5e62d038ed775ab8a66f6b897f7cb25,3000,0xce9016ca0ec06a2d6c3cedc54c5d21cf179cdf4486a657427b2ac051cab640b4,0,0xeed16856d551569d134530ee3967ec79995e2051,0xaa599a0eed756ea19c113a0824af98431a0f4350,52266240000000000,21000,51000000000,0,,0x,,21000,21000,12055710,0x,,0.05226624,received,0xaa599a0eed756ea19c113a0824af98431a0f4350
35,3919461,1498247623,0x7ea9315d5490f40893a86fca3719ea7c069bbaee130d77f3d3d50a5368b54ae4,17,0x0076d2f1e569d5c9d4f8acd1687e6081e8ba7904502dcbed5df1674ceec5aa56,56,0xaa599a0eed756ea19c113a0824af98431a0f4350,0x16bdcc2f9cee7a406dab1f43d708f36d40e2b91d,51216240000000000,21000,50000000000,0,,0x,,2286071,21000,12055673,0x,,0.05121624,sent,0xaa599a0eed756ea19c113a0824af98431a0f4350
