,blockNumber,timeStamp,hash,nonce,blockHash,transactionIndex,from,to,value,gas,gasPrice,isError,txreceipt_status,input,contractAddress,cumulativeGasUsed,gasUsed,confirmations,methodId,functionName,eth value,txn type,AccountId
0,3844887,1497007918,0x7c5cf9b80d7255bbd1df2f21d27d1cadd03d52bb354f6d2d44f69cfc6b327096,209462,0x0ba5c316aa01fc12be4a4df67d44d41e14f2a21e867a9e6700f5f20ee359d1b3,70,0xb2930b35844a230f00e51431acae96fe543a0347,0xcd0a0175ce2267e37b7c622417b4b621571aa77d,103412980000000000,100000,20000000000,0,,0x,,3595959,21000,12130516,0x,,0.10341298,received,0xcd0a0175ce2267e37b7c622417b4b621571aa77d
1,3844943,1497008948,0xe98bb929c3de4e44676760c41b653530ed43c7af307678257b3a15d2554fd179,0,0x8fe0b66e5d72ea701d0ea828c4061b1bb4aa69fdcfe167b3c23c0717424773a8,4,0xcd0a0175ce2267e37b7c622417b4b621571aa77d,0xabbb6bebfa05aa13e908eaa492bd7a8343760477,88412980000000000,100000,100000000000,0,,0x0f2c9329000000000000000000000000167a9333bf582556f35bd4d16a7e80e191aa6476000000000000000000000000571b7b69829ce2568b9bc3d32eaf7405dab76b21,,167855,33571,12130460,0x0f2c9329,"split(address targetFork, address targetNoFork)",0.08841298,sent,0xcd0a0175ce2267e37b7c622417b4b621571aa77d
2,3845834,1497023982,0x48ec5e658d2aa2be14851c9e530704395c1b2451c71dc9a0001e209e03a48ec3,209769,0xee8e04a3930b032e153bd0f7c2565dc9ad10e31e03968edbb7e450cfc2222d06,71,0xb2930b35844a230f00e51431acae96fe543a0347,0xcd0a0175ce2267e37b7c622417b4b621571aa77d,100264080000000000,100000,20000000000,0,,0x,,2615819,21000,12129569,0x,,0.10026408,received,0xcd0a0175ce2267e37b7c622417b4b621571aa77d
3,3845891,1497024891,0xca26f4af694a79538d36bad9bd3c34fb30b921abfd8e9b25f44afcd4e5097fb1,1,0x4cf505b9725776d41c12737b5e2557c6da51dc7494d387cc510e88c6d8ce1df5,2,0xcd0a0175ce2267e37b7c622417b4b621571aa77d,0xabbb6bebfa05aa13e908eaa492bd7a8343760477,96906980000000000,100000,100000000000,0,,0x0f2c9329000000000000000000000000167a9333bf582556f35bd4d16a7e80e191aa6476000000000000000000000000571b7b69829ce2568b9bc3d32eaf7405dab76b21,,100713,33571,12129512,0x0f2c9329,"split(address targetFork, address targetNoFork)",0.09690698,sent,0xcd0a0175ce2267e37b7c622417b4b621571aa77d
4,3846447,1497033592,0x9efbc293880ace6e6719a750c8b06cff72115c146cb126ea17a72e0fe3ebcf3f,209929,0x48f2c63af4a66a42c30a532a9f37d4c0430eb11cdaba7d1ad7e674b3d0f5d0d6,153,0xb2930b35844a230f00e51431acae96fe543a0347,0xcd0a0175ce2267e37b7c622417b4b621571aa77d,103153500000000000,100000,20000000000,0,,0x,,4483310,21000,12128956,0x,,0.1031535,received,0xcd0a0175ce2267e37b7c622417b4b621571aa77d
5,3846498,1497034283,0x521627f94eb84ea3c187c8abf32ac30ccaee941a0c3f2d98f5db5a2f16518847,2,0x6f9f7b7197cce4230a8e15da824877dd7d4198dd11d857707ee9988c233a86a6,0,0xcd0a0175ce2267e37b7c622417b4b621571aa77d,0xabbb6bebfa05aa13e908eaa492bd7a8343760477,99796400000000000,100000,100000000000,0,,0x0f2c9329000000000000000000000000167a9333bf582556f35bd4d16a7e80e191aa6476000000000000000000000000571b7b69829ce2568b9bc3d32eaf7405dab76b21,,33571,33571,12128905,0x0f2c9329,"split(address targetFork, address targetNoFork)",0.0997964,sent,0xcd0a0175ce2267e37b7c622417b4b621571aa77d
6,3846997,1497041958,0x2bdaaa5ae479001a567124cff4cf20d010880ed90ccb8588d6e589cde473c6a7,210066,0xefe61c9607ca89d74f8f601f3fb291a42b443e2eb2a435db27666bb4ff5defda,49,0xb2930b35844a230f00e51431acae96fe543a0347,0xcd0a0175ce2267e37b7c622417b4b621571aa77d,101212750000000000,100000,20000000000,0,,0x,,1557818,21000,12128406,0x,,0.10121275,received,0xcd0a0175ce2267e37b7c622417b4b621571aa77d
7,3847047,1497043089,0xfa9145a612a682aba02c527586706da96e26e2541f389775a8cfc69b2239f0a0,3,0x27fc11bb40325774bceef4014e02ae8aaf77281a5f8cf116e5f01bd53770f5d0,2,0xcd0a0175ce2267e37b7c622417b4b621571aa77d,0xabbb6bebfa05aa13e908eaa492bd7a8343760477,97855650000000000,100000,100000000000,0,,0x0f2c9329000000000000000000000000167a9333bf582556f35bd4d16a7e80e191aa6476000000000000000000000000571b7b69829ce2568b9bc3d32eaf7405dab76b21,,100713,33571,12128356,0x0f2c9329,"split(address targetFork, address targetNoFork)",0.09785565,sent,0xcd0a0175ce2267e37b7c622417b4b621571aa77d
8,3847611,1497052575,0x5e6d199dc72abacac70c375c891ae730d50a461ec8c8e5355cdf5736eddd2f80,210226,0xa819f9495f7c389bf70f7a002fd8a36c3fb50503ac783c1bdd92be84bb774d92,70,0xb2930b35844a230f00e51431acae96fe543a0347,0xcd0a0175ce2267e37b7c622417b4b621571aa77d,118570130000000000,100000,20000000000,0,,0x,,3103138,21000,12127792,0x,,0.11857013,received,0xcd0a0175ce2267e37b7c622417b4b621571aa77d
9,3847662,1497053417,0x99f0a37c254cbd1ce5d16427d4e9472cce9f2d7b778f00c29962ffe09f398fa4,4,0xa88457ebf75b13448a9348df040f32f593b905258f7f12e6fb59a7fcc58af2b8,4,0xcd0a0175ce2267e37b7c622417b4b621571aa77d,0xabbb6bebfa05aa13e908eaa492bd7a8343760477,115213030000000000,100000,100000000000,0,,0x0f2c9329000000000000000000000000167a9333bf582556f35bd4d16a7e80e191aa6476000000000000000000000000571b7b69829ce2568b9bc3d32eaf7405dab76b21,,155284,33571,12127741,0x0f2c9329,"split(address targetFork, address targetNoFork)",0.11521303,sent,0xcd0a0175ce2267e37b7c622417b4b621571aa77d
10,3848225,1497062254,0xb460fb27b8feab0d6d7314b53d2e8aab30cd8d74f51b67792281c610fddf428b,210402,0x6147e4faf48a55757bf5a86fe4eb21b94eb13f81f511d270e129788519bd493b,41,0xb2930b35844a230f00e51431acae96fe543a0347,0xcd0a0175ce2267e37b7c622417b4b621571aa77d,103432900000000000,100000,20000000000,0,,0x,,1488138,21000,12127178,0x,,0.1034329,received,0xcd0a0175ce2267e37b7c622417b4b621571aa77d
11,3848275,1497063102,0xd370794e687ea18897898525600ad6fb3d44efac8545de17123344874246eb62,5,0x39fb12bfceb201f9b374516ad70e1333cd5ddb667736ce5c6d10ce5570f5f70c,3,0xcd0a0175ce2267e37b7c622417b4b621571aa77d,0xabbb6bebfa05aa13e908eaa492bd7a8343760477,100075800000000000,100000,100000000000,0,,0x0f2c9329000000000000000000000000167a9333bf582556f35bd4d16a7e80e191aa6476000000000000000000000000571b7b69829ce2568b9bc3d32eaf7405dab76b21,,134284,33571,12127128,0x0f2c9329,"split(address targetFork, address targetNoFork)",0.1000758,sent,0xcd0a0175ce2267e37b7c622417b4b621571aa77d
12,3848780,1497071012,0xdee3ceede4993b95cf5e8d050995e45ef6e50bbbba882d673142d2e05e3761e6,210564,0x0a61aa2dce2fa902df1d8bc363851a625648f425880c26ef8ea01beeaf405076,49,0xb2930b35844a230f00e51431acae96fe543a0347,0xcd0a0175ce2267e37b7c622417b4b621571aa77d,117509120000000000,100000,20000000000,0,,0x,,1381339,21000,12126623,0x,,0.11750912,received,0xcd0a0175ce2267e37b7c622417b4b621571aa77d
13,3848830,1497071955,0xdfab48528e7120c1e0e24fdfdb180942d7bfa528aa6bb7c5b8547f64ab4cf0ae,6,0xf65b5428ab0834191edab00ca05c7109f3c13511b21544f07005fc67f4a5c8df,3,0xcd0a0175ce2267e37b7c622417b4b621571aa77d,0xabbb6bebfa05aa13e908eaa492bd7a8343760477,114152020000000000,100000,100000000000,0,,0x0f2c9329000000000000000000000000167a9333bf582556f35bd4d16a7e80e191aa6476000000000000000000000000571b7b69829ce2568b9bc3d32eaf7405dab76b21,,134284,33571,12126573,0x0f2c9329,"split(address targetFork, address targetNoFork)",0.11415202,sent,0xcd0a0175ce2267e37b7c622417b4b621571aa77d
14,3849414,1497081733,0xec5de6387c8d9d6cca2357726290f3d1e2f345bd294f88e778887a41581f676c,210755,0xc29dd50025102d7126a5eb614b08c810a2b0dcb3c079b0866f6c4171db93325a,58,0xb2930b35844a230f00e51431acae96fe543a0347,0xcd0a0175ce2267e37b7c622417b4b621571aa77d,112788900000000000,100000,20000000000,0,,0x,,2441068,21000,12125989,0x,,0.1127889,received,0xcd0a0175ce2267e37b7c622417b4b621571aa77d
15,3849466,1497082633,0xc4f65d9a7ddc1813debd2be6415308642b0425d0659612e7499184ac9f4357cc,7,0x18563e92db9fe92b4f6a02dde508c640db8a636d294482c62d0550f550e6f9b8,6,0xcd0a0175ce2267e37b7c622417b4b621571aa77d,0xabbb6bebfa05aa13e908eaa492bd7a8343760477,109431800000000000,100000,100000000000,0,,0x0f2c9329000000000000000000000000167a9333bf582556f35bd4d16a7e80e191aa6476000000000000000000000000571b7b69829ce2568b9bc3d32eaf7405dab76b21,,222426,33571,12125937,0x0f2c9329,"split(address targetFork, address targetNoFork)",0.1094318,sent,0xcd0a0175ce2267e37b7c622417b4b621571aa77d
16,3849986,1497091748,0xc6e439fe125e26328a9beaccbdb0b0a47d09b6b1313ed0b935310d3ff454c927,210930,0x1cef2ac87466a875a9ddaaa41d605f57dcdc502215c5c3ea378d6ce677828580,41,0xb2930b35844a230f00e51431acae96fe543a0347,0xcd0a0175ce2267e37b7c622417b4b621571aa77d,106744910000000000,100000,20000000000,0,,0x,,2391840,21000,12125417,0x,,0.10674491,received,0xcd0a0175ce2267e37b7c622417b4b621571aa77d
17,3850041,1497092562,0x80b86008b3f24527ebd316cb7776290a2d99078f2d4d492863bbeff9552bc412,8,0x4b6c24f75334a7df9f85f7e92b58ee59297cbb4526b27fc40a51307146a4776f,1,0xcd0a0175ce2267e37b7c622417b4b621571aa77d,0xabbb6bebfa05aa13e908eaa492bd7a8343760477,103387810000000000,100000,100000000000,0,,0x0f2c9329000000000000000000000000167a9333bf582556f35bd4d16a7e80e191aa6476000000000000000000000000571b7b69829ce2568b9bc3d32eaf7405dab76b21,,67142,33571,12125362,0x0f2c9329,"split(address targetFork, address targetNoFork)",0.10338781,sent,0xcd0a0175ce2267e37b7c622417b4b621571aa77d
18,3851044,1497108825,0x015a3333bf615fea911cab8fc1a4b79e1997febd8e7280750b87a709b5fab178,211175,0xa3fe6a6f37362e7d01594c1cb9395fe50cc07aee93a88b35298d1a953849a1c2,55,0xb2930b35844a230f00e51431acae96fe543a0347,0xcd0a0175ce2267e37b7c622417b4b621571aa77d,165964940000000000,100000,20000000000,0,,0x,,3153863,21000,12124359,0x,,0.16596494,received,0xcd0a0175ce2267e37b7c622417b4b621571aa77d
19,3851094,1497109870,0xa542d6a3903b1b61435a89d9a68cfedf2ed19dfced3254e405806faf94c3abb0,9,0xb8083c6ccf01cd3686af188a79d9930ecf9e6c6634d03f76d74229df91b13b1d,5,0xcd0a0175ce2267e37b7c622417b4b621571aa77d,0xabbb6bebfa05aa13e908eaa492bd7a8343760477,162607840000000000,100000,100000000000,0,,0x0f2c9329000000000000000000000000167a9333bf582556f35bd4d16a7e80e191aa6476000000000000000000000000571b7b69829ce2568b9bc3d32eaf7405dab76b21,,201426,33571,12124309,0x0f2c9329,"split(address targetFork, address targetNoFork)",0.16260784,sent,0xcd0a0175ce2267e37b7c622417b4b621571aa77d
20,3851472,1497116115,0x7657b3b2c3402b1ef4f40b4682390b5433b57c7519e364a255fc54ec23c10a34,211349,0xadfb24e23d5418a75af2511a52d573828889f00de9e35a99376ce5ee38b1c8b9,91,0xb2930b35844a230f00e51431acae96fe543a0347,0xcd0a0175ce2267e37b7c622417b4b621571aa77d,110882690000000000,100000,20000000000,0,,0x,,2379239,21000,12123931,0x,,0.11088269,received,0xcd0a0175ce2267e37b7c622417b4b621571aa77d
21,3851526,1497117065,0x6a2200783271d172cabd36de496be18566c7f6c4f2bd04fde20d3f78e5d1f1d6,10,0x9ccbc7fe6f14685447650b74d1579197270ff64da5d939b75d0c5b46f9ba0a22,7,0xcd0a0175ce2267e37b7c622417b4b621571aa77d,0xabbb6bebfa05aa13e908eaa492bd7a8343760477,107525590000000000,100000,100000000000,0,,0x0f2c9329000000000000000000000000167a9333bf582556f35bd4d16a7e80e191aa6476000000000000000000000000571b7b69829ce2568b9bc3d32eaf7405dab76b21,,268568,33571,12123877,0x0f2c9329,"split(address targetFork, address targetNoFork)",0.10752559,sent,0xcd0a0175ce2267e37b7c622417b4b621571aa77d
22,3851931,1497123688,0x5282c0336ea006feb6cc7c2e3a63e4bf8b476da7f81849eeb3c255b15f9cdb79,211521,0x432e2a0b4001ebc4c9dcd481b66d72ed9431243b9837fe12c8f7d8448ae690cf,31,0xb2930b35844a230f00e51431acae96fe543a0347,0xcd0a0175ce2267e37b7c622417b4b621571aa77d,145600830000000000,100000,20000000000,0,,0x,,1049288,21000,12123472,0x,,0.14560083,received,0xcd0a0175ce2267e37b7c622417b4b621571aa77d
23,3851981,1497124463,0x23522e2e3f436d0c5f9932f1af113de68ed2d9b9288018a6459c3b120fd6870e,11,0xf490d31412cbc4da21513aec2323869efb72a2117f86620615d7eb04e7993341,0,0xcd0a0175ce2267e37b7c622417b4b621571aa77d,0xabbb6bebfa05aa13e908eaa492bd7a8343760477,142243730000000000,100000,100000000000,0,,0x0f2c9329000000000000000000000000167a9333bf582556f35bd4d16a7e80e191aa6476000000000000000000000000571b7b69829ce2568b9bc3d32eaf7405dab76b21,,33571,33571,12123422,0x0f2c9329,"split(address targetFork, address targetNoFork)",0.14224373,sent,0xcd0a0175ce2267e37b7c622417b4b621571aa77d
24,3853212,1497144004,0x6ccd6cc724427ad70c3e50954826189d32d50926bc1ca479a6fe3cd218f7a9cf,211778,0x781ebce375ada25e096eed4dc3d5735b86645931612dc08cc12484ed1b9c2df6,106,0xb2930b35844a230f00e51431acae96fe543a0347,0xcd0a0175ce2267e37b7c622417b4b621571aa77d,169439470000000000,100000,20000000000,0,,0x,,3506224,21000,12122191,0x,,0.16943947,received,0xcd0a0175ce2267e37b7c622417b4b621571aa77d
25,3853286,1497145095,0x4b0b28d762e6990f945bde3d96f9b56120b349481a2b0e3d3aead5710dc08cc5,12,0x92e7986328a832d813b13532e74c882bbb45840e0bc9903ef018a179d77b8363,6,0xcd0a0175ce2267e37b7c622417b4b621571aa77d,0xabbb6bebfa05aa13e908eaa492bd7a8343760477,166082370000000000,100000,100000000000,0,,0x0f2c9329000000000000000000000000167a9333bf582556f35bd4d16a7e80e191aa6476000000000000000000000000571b7b69829ce2568b9bc3d32eaf7405dab76b21,,222426,33571,12122117,0x0f2c9329,"split(address targetFork, address targetNoFork)",0.16608237,sent,0xcd0a0175ce2267e37b7c622417b4b621571aa77d
26,3853656,1497151269,0x2a0df70eb2041f6d134f55a676a4134447bc5d60f73fc477d0e116a974931a07,211982,0x739060b67030dd9ff5a38af01a3bc389c61d27b1138a2fb080d0f5a9a65892e6,78,0xb2930b35844a230f00e51431acae96fe543a0347,0xcd0a0175ce2267e37b7c622417b4b621571aa77d,138401140000000000,100000,20000000000,0,,0x,,2212694,21000,12121747,0x,,0.13840114,received,0xcd0a0175ce2267e37b7c622417b4b621571aa77d
27,3853708,1497152250,0xb2849fc7eda21f1b84a55a6532dbee5f079b6c21905fc5c4269f2a9213618e41,13,0xebc6deb64093fc141fadd21a8e439a1133dca04fad61fb706939d41840e49dbf,0,0xcd0a0175ce2267e37b7c622417b4b621571aa77d,0xabbb6bebfa05aa13e908eaa492bd7a8343760477,135044040000000000,100000,100000000000,0,,0x0f2c9329000000000000000000000000167a9333bf582556f35bd4d16a7e80e191aa6476000000000000000000000000571b7b69829ce2568b9bc3d32eaf7405dab76b21,,33571,33571,12121695,0x0f2c9329,"split(address targetFork, address targetNoFork)",0.13504404,sent,0xcd0a0175ce2267e37b7c622417b4b621571aa77d
28,3854220,1497160273,0xfc337c2f40054469e4ed8ea14ca76630f4888010722cfd8df1dda63dcf66b6fd,212191,0x2fd1455b78fa6cc85d1aa53c772892d9671ca230801225163e77212862f53a3c,30,0xb2930b35844a230f00e51431acae96fe543a0347,0xcd0a0175ce2267e37b7c622417b4b621571aa77d,100994950000000000,100000,20000000000,0,,0x,,1674115,21000,12121183,0x,,0.10099495,received,0xcd0a0175ce2267e37b7c622417b4b621571aa77d
29,3854272,1497161177,0x50b7a55f88d01c42abf7a1cc482e058e44501b3e11fd27db74185cc468514c5d,14,0x8b96fe22495eb59e2e7b409ec5668538348044c64db94e13c2911718c02f9c6d,0,0xcd0a0175ce2267e37b7c622417b4b621571aa77d,0xabbb6bebfa05aa13e908eaa492bd7a8343760477,97637850000000000,100000,100000000000,0,,0x0f2c9329000000000000000000000000167a9333bf582556f35bd4d16a7e80e191aa6476000000000000000000000000571b7b69829ce2568b9bc3d32eaf7405dab76b21,,33571,33571,12121131,0x0f2c9329,"split(address targetFork, address targetNoFork)",0.09763785,sent,0xcd0a0175ce2267e37b7c622417b4b621571aa77d
30,3855275,1497177992,0xb6c4818f63ef1813b157f0609a04097aef81288869426dd82895c13efeda7066,212454,0x14d8b7894e3a106db12027279427f13c046ebdcf7198d1925d6794b4351fb670,24,0xb2930b35844a230f00e51431acae96fe543a0347,0xcd0a0175ce2267e37b7c622417b4b621571aa77d,120208880000000000,100000,20000000000,0,,0x,,812659,21000,12120128,0x,,0.12020888,received,0xcd0a0175ce2267e37b7c622417b4b621571aa77d
31,3855326,1497178928,0xcaaf06d794fa735f798bac952249490bcaf2e57da95c61ee0a0b8f13b971a52c,15,0x068fd8ab55440a37c7d6fa81e4f8f6f54debbda2d198552ac7d2a6b6b4c38c68,3,0xcd0a0175ce2267e37b7c622417b4b621571aa77d,0xabbb6bebfa05aa13e908eaa492bd7a8343760477,116851780000000000,100000,100000000000,0,,0x0f2c9329000000000000000000000000167a9333bf582556f35bd4d16a7e80e191aa6476000000000000000000000000571b7b69829ce2568b9bc3d32eaf7405dab76b21,,134284,33571,12120077,0x0f2c9329,"split(address targetFork, address targetNoFork)",0.11685178,sent,0xcd0a0175ce2267e37b7c622417b4b621571aa77d
32,3855482,1497181008,0x563edcdc26d4ad11ee7dab23e9f69bc59e16b0d43644bb8723c3665f687d6eef,212618,0xfefa852fe55643a3282513eab16837345a0ad0e7483c32ec7b4db1ae53378aa7,23,0xb2930b35844a230f00e51431acae96fe543a0347,0xcd0a0175ce2267e37b7c622417b4b621571aa77d,142350320000000000,100000,20000000000,0,,0x,,888282,21000,12119921,0x,,0.14235032,received,0xcd0a0175ce2267e37b7c622417b4b621571aa77d
33,3855532,1497181885,0x3f62263fa6e5d279ca5d2407c7945a0e88b75f5b450c6f652e8ff74ff8305677,16,0xef6bf656d51355a63c2c431513b4ee58dd7492ded778887116637ce17dc4bb4a,1,0xcd0a0175ce2267e37b7c622417b4b621571aa77d,0xabbb6bebfa05aa13e908eaa492bd7a8343760477,138993220000000000,100000,100000000000,0,,0x0f2c9329000000000000000000000000167a9333bf582556f35bd4d16a7e80e191aa6476000000000000000000000000571b7b69829ce2568b9bc3d32eaf7405dab76b21,,54571,33571,12119871,0x0f2c9329,"split(address targetFork, address targetNoFork)",0.13899322,sent,0xcd0a0175ce2267e37b7c622417b4b621571aa77d
34,3855956,1497189382,0x145e9f2b4b7daf7bbbbecad49921c48bc82bae2f45aab02ef8ea3c657b893b65,212788,0xc841ee1cfcad3cdbf98e0d4e4e4f39dc211d93be77b0f225014fa42d265494a6,82,0xb2930b35844a230f00e51431acae96fe543a0347,0xcd0a0175ce2267e37b7c622417b4b621571aa77d,101221330000000000,100000,20000000000,0,,0x,,2787641,21000,12119447,0x,,0.10122133,received,0xcd0a0175ce2267e37b7c622417b4b621571aa77d
35,3856010,1497190282,0xb4ce217474c6e7d81fc3e7d47b662fe7d8749532f3d8dfb367d2bcb9ce5d1ba7,17,0x3a5570a448ab8c34274434589abac6cd473123603ee5cd432e6761afa61ef976,10,0xcd0a0175ce2267e37b7c622417b4b621571aa77d,0xabbb6bebfa05aa13e908eaa492bd7a8343760477,97864230000000000,100000,100000000000,0,,0x0f2c9329000000000000000000000000167a9333bf582556f35bd4d16a7e80e191aa6476000000000000000000000000571b7b69829ce2568b9bc3d32eaf7405dab76b21,,268713,33571,12119393,0x0f2c9329,"split(address targetFork, address targetNoFork)",0.09786423,sent,0xcd0a0175ce2267e37b7c622417b4b621571aa77d
36,3856436,1497197124,0x9016996069f9beb4e7713c227040816f941f69a961ea7a86395324fa483d0c03,212965,0x7e5badbe3361f2f7d8b27287c2b8c7efa18634be9ca0b5516f32c4d0a092aac1,52,0xb2930b35844a230f00e51431acae96fe543a0347,0xcd0a0175ce2267e37b7c622417b4b621571aa77d,101068150000000000,100000,20000000000,0,,0x,,3944024,21000,12118967,0x,,0.10106815,received,0xcd0a0175ce2267e37b7c622417b4b621571aa77d
37,3856487,1497197755,0x5c94fbab8274d8158c7656d05a7d41856e8f22143fe39ca930446b524ca1345a,18,0xd3004e9164efb4bdaf2fac9cece51ceba139fedfe054981437cbab4bc7985fea,0,0xcd0a0175ce2267e37b7c622417b4b621571aa77d,0xabbb6bebfa05aa13e908eaa492bd7a8343760477,97711050000000000,100000,100000000000,0,,0x0f2c9329000000000000000000000000167a9333bf582556f35bd4d16a7e80e191aa6476000000000000000000000000571b7b69829ce2568b9bc3d32eaf7405dab76b21,,33571,33571,12118916,0x0f2c9329,"split(address targetFork, address targetNoFork)",0.09771105,sent,0xcd0a0175ce2267e37b7c622417b4b621571aa77d
38,3856977,1497205412,0xd6cb20107c672e8dca68f26e86eb55d33f0d34441c4ca5f22aa93ab5c77612d0,213159,0x57261f91e73987ffa572615ce25a54fed74109df04ad3cbcacf4d1284bfaad6d,43,0xb2930b35844a230f00e51431acae96fe543a0347,0xcd0a0175ce2267e37b7c622417b4b621571aa77d,100870280000000000,100000,20000000000,0,,0x,,1797094,21000,12118426,0x,,0.10087028,received,0xcd0a0175ce2267e37b7c622417b4b621571aa77d
39,3857028,1497206168,0x9cfb8f9dee8ca7af111ae249998acd1809999f39eccc93ed125e992cfd0fcd72,19,0x72f2d9b5443b79c612b99616d39764359cc1554b78fa78b9d7e774d55e22e510,1,0xcd0a0175ce2267e37b7c622417b4b621571aa77d,0xabbb6bebfa05aa13e908eaa492bd7a8343760477,97513180000000000,100000,100000000000,0,,0x0f2c9329000000000000000000000000167a9333bf582556f35bd4d16a7e80e191aa6476000000000000000000000000571b7b69829ce2568b9bc3d32eaf7405dab76b21,,54571,33571,12118375,0x0f2c9329,"split(address targetFork, address targetNoFork)",0.09751318,sent,0xcd0a0175ce2267e37b7c622417b4b621571aa77d
40,3857597,1497215307,0xbd0cca594c01cfae6731337192e23f6cfba5f004e90152cc3208d354c119a891,213385,0xfa8b68a0cfa6302ba61daff7030368dd148621907f8d4df29d015a39ab253512,59,0xb2930b35844a230f00e51431acae96fe543a0347,0xcd0a0175ce2267e37b7c622417b4b621571aa77d,100544670000000000,100000,20000000000,0,,0x,,1468088,21000,12117806,0x,,0.10054467,received,0xcd0a0175ce2267e37b7c622417b4b621571aa77d
41,3857652,1497216276,0xe50cd51386e06a0c75d5094afeb72be1c2de553d6001052b8f6f6d003a39e394,20,0x4ef716a2d42124409beb812546209750068033059e91666f28a04210df2aa95d,0,0xcd0a0175ce2267e37b7c622417b4b621571aa77d,0xabbb6bebfa05aa13e908eaa492bd7a8343760477,97187570000000000,100000,100000000000,0,,0x0f2c9329000000000000000000000000167a9333bf582556f35bd4d16a7e80e191aa6476000000000000000000000000571b7b69829ce2568b9bc3d32eaf7405dab76b21,,33571,33571,12117751,0x0f2c9329,"split(address targetFork, address targetNoFork)",0.09718757,sent,0xcd0a0175ce2267e37b7c622417b4b621571aa77d
42,3858368,1497228442,0x8ca0ed0a0853f04fd04c2f891478b2a3208e173d95125b3487c448f15e808e38,213608,0xf5a139cf6b3d643dd21b7174a0152f451b6dfcb5621eb7e04ccde173ed47b56d,54,0xb2930b35844a230f00e51431acae96fe543a0347,0xcd0a0175ce2267e37b7c622417b4b621571aa77d,100481320000000000,100000,20000000000,0,,0x,,2743422,21000,12117035,0x,,0.10048132,received,0xcd0a0175ce2267e37b7c622417b4b621571aa77d
43,3858421,1497229025,0x02735bf42887f7ebb9d3a2e0133dcaa8b6af596e1777d54250d6646755163623,21,0x5d8de22c44b8547423e308163a4d5f664f9fcc5f437898397d1841fc59da5810,0,0xcd0a0175ce2267e37b7c622417b4b621571aa77d,0xabbb6bebfa05aa13e908eaa492bd7a8343760477,97124220000000000,100000,100000000000,0,,0x0f2c9329000000000000000000000000167a9333bf582556f35bd4d16a7e80e191aa6476000000000000000000000000571b7b69829ce2568b9bc3d32eaf7405dab76b21,,33571,33571,12116982,0x0f2c9329,"split(address targetFork, address targetNoFork)",0.09712422,sent,0xcd0a0175ce2267e37b7c622417b4b621571aa77d
44,3858947,1497238092,0xe4a8de4fbc5648ac36ca9c0267a27d9a79a8a2f6b909d1966f0b2efb745ba112,213853,0x7380b8f47c964017b533dd8578efed2001182eb040133550579a940eeb0e4d7e,103,0xb2930b35844a230f00e51431acae96fe543a0347,0xcd0a0175ce2267e37b7c622417b4b621571aa77d,100389380000000000,100000,20000000000,0,,0x,,3294738,21000,12116456,0x,,0.10038938,received,0xcd0a0175ce2267e37b7c622417b4b621571aa77d
45,3859002,1497239055,0xdc5279a01db1c8947ec41243db17f64581e3d37b5b0984106009bf88c8d99c0b,22,0xd7c6dfe0dc0146397abeed63659a4d2489c8a75297dad5a317b4f77f7c68766b,3,0xcd0a0175ce2267e37b7c622417b4b621571aa77d,0xabbb6bebfa05aa13e908eaa492bd7a8343760477,97032280000000000,100000,100000000000,0,,0x0f2c9329000000000000000000000000167a9333bf582556f35bd4d16a7e80e191aa6476000000000000000000000000571b7b69829ce2568b9bc3d32eaf7405dab76b21,,134284,33571,12116401,0x0f2c9329,"split(address targetFork, address targetNoFork)",0.09703228,sent,0xcd0a0175ce2267e37b7c622417b4b621571aa77d
46,3859480,1497247194,0xedfc7e43073f48675a6491a99331f723afdf52d57e303eb94ab45b98e7d1f8a5,214131,0x843c06963ecd14e6e225c6e0e4a08bdc642b1fb772e127672c03dcc1a0768aab,32,0xb2930b35844a230f00e51431acae96fe543a0347,0xcd0a0175ce2267e37b7c622417b4b621571aa77d,100934340000000000,100000,20000000000,0,,0x,,3818929,21000,12115923,0x,,0.10093434,received,0xcd0a0175ce2267e37b7c622417b4b621571aa77d
47,3859535,1497248039,0xf79b0af37a0494c13e3e37c86df09bb815e06967f831607a48abf808767082c3,23,0x7b6a5499c7af820b8373c86904ff167b60813c142c13ad4179f074233f07922a,5,0xcd0a0175ce2267e37b7c622417b4b621571aa77d,0xabbb6bebfa05aa13e908eaa492bd7a8343760477,97577240000000000,100000,100000000000,0,,0x0f2c9329000000000000000000000000167a9333bf582556f35bd4d16a7e80e191aa6476000000000000000000000000571b7b69829ce2568b9bc3d32eaf7405dab76b21,,188855,33571,12115868,0x0f2c9329,"split(address targetFork, address targetNoFork)",0.09757724,sent,0xcd0a0175ce2267e37b7c622417b4b621571aa77d
48,3860002,1497255646,0x8f8d3b701a45625783b97b80f7aff63fcf719c9990bd9d7611b50208a24990cf,214384,0x2dd355d9dc8d1e3b3e048b6987d670019a7671f93263e9a1bdb379d0997efc50,57,0xb2930b35844a230f00e51431acae96fe543a0347,0xcd0a0175ce2267e37b7c622417b4b621571aa77d,100555590000000000,100000,20000000000,0,,0x,,3461114,21000,12115401,0x,,0.10055559,received,0xcd0a0175ce2267e37b7c622417b4b621571aa77d
49,3860059,1497256593,0x5609e3ab9598628cce923585f2aa01f4ec1b61d5f7599a51c8bd9d2bef10537e,24,0x84530845eccafb619ca3100dce8d4b07fe97e381ad911262af504fa6b2265395,4,0xcd0a0175ce2267e37b7c622417b4b621571aa77d,0xabbb6bebfa05aa13e908eaa492bd7a8343760477,97198490000000000,100000,100000000000,0,,0x0f2c9329000000000000000000000000167a9333bf582556f35bd4d16a7e80e191aa6476000000000000000000000000571b7b69829ce2568b9bc3d32eaf7405dab76b21,,155284,33571,12115344,0x0f2c9329,"split(address targetFork, address targetNoFork)",0.09719849,sent,0xcd0a0175ce2267e37b7c622417b4b621571aa77d
50,3860467,1497263522,0x1c13e9613ebd58a3b3cdedcd1fc2649af220b98313862aedfed4e9fd66cc70db,214671,0xf4d104b5264ca0182df672ccceea64cae5375367528788facf4c73dc1c9a56c6,41,0xb2930b35844a230f00e51431acae96fe543a0347,0xcd0a0175ce2267e37b7c622417b4b621571aa77d,100968810000000000,100000,20000000000,0,,0x,,2052427,21000,12114936,0x,,0.10096881,received,0xcd0a0175ce2267e37b7c622417b4b621571aa77d
51,3860519,1497264618,0x5af060d62cef7c7176f2c5ecaa3e1c50562a7c380782be83046d6c5ca15eb5ee,25,0x8703d60d66b296b6a039b16df8b7c3941f564dca9a15d8ec6bd9d969d8c0177e,2,0xcd0a0175ce2267e37b7c622417b4b621571aa77d,0xabbb6bebfa05aa13e908eaa492bd7a8343760477,97611710000000000,100000,100000000000,0,,0x0f2c9329000000000000000000000000167a9333bf582556f35bd4d16a7e80e191aa6476000000000000000000000000571b7b69829ce2568b9bc3d32eaf7405dab76b21,,100713,33571,12114884,0x0f2c9329,"split(address targetFork, address targetNoFork)",0.09761171,sent,0xcd0a0175ce2267e37b7c622417b4b621571aa77d
52,3860965,1497271929,0xfd79b53a106ffab5c4385ecaf2bd6c3b32a1ee4b80cd0b0b89f9a91ce544a1f0,214926,0x76ea434dd32f4780308bc2734b8cc850f31ab1f3ec5d77a753e8713454face87,106,0xb2930b35844a230f00e51431acae96fe543a0347,0xcd0a0175ce2267e37b7c622417b4b621571aa77d,100282710000000000,100000,20000000000,0,,0x,,4335545,21000,12114438,0x,,0.10028271,received,0xcd0a0175ce2267e37b7c622417b4b621571aa77d
53,3861020,1497272811,0x877f0046d1ec1ec6fd1c2634646cf93ad01c8010ad8ce77ab59c857bf1881e01,26,0x4b2d9848372d6ae7b08e750d2b60d612b20bf6a774c77043dea7f6504ec110c4,7,0xcd0a0175ce2267e37b7c622417b4b621571aa77d,0xabbb6bebfa05aa13e908eaa492bd7a8343760477,96925610000000000,100000,100000000000,0,,0x0f2c9329000000000000000000000000167a9333bf582556f35bd4d16a7e80e191aa6476000000000000000000000000571b7b69829ce2568b9bc3d32eaf7405dab76b21,,243426,33571,12114383,0x0f2c9329,"split(address targetFork, address targetNoFork)",0.09692561,sent,0xcd0a0175ce2267e37b7c622417b4b621571aa77d
54,3862796,1497301570,0x9eaa0d2827f5942e925ff8b147c07bd090443d8b2ac33598acacaf06396c4d0c,215181,0x4f62e7514fef048a0e5f87c4f9da8d514bab699f6e540b6e189c0e4f30490c63,24,0xb2930b35844a230f00e51431acae96fe543a0347,0xcd0a0175ce2267e37b7c622417b4b621571aa77d,99844930000000000,100000,20000000000,0,,0x,,934401,21000,12112607,0x,,0.09984493,received,0xcd0a0175ce2267e37b7c622417b4b621571aa77d
55,3862846,1497302392,0x9f3e009617525b7c12c070a8c6bfbb072a45957e791f22ffe831de262cb42193,27,0x6f87400ccf39f51aedf7a00fb6b5cfb4125064e4713d1716c8a1ecf1bdf4a182,1,0xcd0a0175ce2267e37b7c622417b4b621571aa77d,0xabbb6bebfa05aa13e908eaa492bd7a8343760477,96487830000000000,100000,100000000000,0,,0x0f2c9329000000000000000000000000167a9333bf582556f35bd4d16a7e80e191aa6476000000000000000000000000571b7b69829ce2568b9bc3d32eaf7405dab76b21,,54571,33571,12112557,0x0f2c9329,"split(address targetFork, address targetNoFork)",0.09648783,sent,0xcd0a0175ce2267e37b7c622417b4b621571aa77d
56,3864075,1497322668,0xff45f92c2105c09a2717418c54d833be89335493b5aa7059c2d2efe90bed9d3d,215462,0x33df3716e37266773b2d1ccd5ac41b6466f81bc715ede267fe3b465380e48789,1,0xb2930b35844a230f00e51431acae96fe543a0347,0xcd0a0175ce2267e37b7c622417b4b621571aa77d,418002590000000000,1000000,200000000000,0,,0x,,42000,21000,12111328,0x,,0.41800259,received,0xcd0a0175ce2267e37b7c622417b4b621571aa77d
57,3864136,1497323522,0x0d1f148f184ffc32193387eb5df77b09d608d52046cd9b6b3f8ca0aff4e8517e,28,0xcf4e30c9eaf09613429f23e3cb40e4752a816bf98aaac2433ae2a12d08e47ae4,3,0xcd0a0175ce2267e37b7c622417b4b621571aa77d,0xabbb6bebfa05aa13e908eaa492bd7a8343760477,414645490000000000,100000,100000000000,0,,0x0f2c9329000000000000000000000000167a9333bf582556f35bd4d16a7e80e191aa6476000000000000000000000000571b7b69829ce2568b9bc3d32eaf7405dab76b21,,96571,33571,12111267,0x0f2c9329,"split(address targetFork, address targetNoFork)",0.41464549,sent,0xcd0a0175ce2267e37b7c622417b4b621571aa77d
58,3865462,1497345380,0xe2c0c80708356d009c76c6ccaeb46cfcb27c37bc8da1128543a1b5102f863cbd,216122,0x0d35689e092ea4c6b92d4dc0a6ed3b1b8f7fd65d2ac54007e56ae7586a3a5b1e,5,0xb2930b35844a230f00e51431acae96fe543a0347,0xcd0a0175ce2267e37b7c622417b4b621571aa77d,304248360000000000,100000,40000000000,0,,0x,,126000,21000,12109941,0x,,0.30424836,received,0xcd0a0175ce2267e37b7c622417b4b621571aa77d
59,3865512,1497346522,0xeed1340a6d16358c58772ac1d6fd1d3259cd6464ac57092eae582bd02e8b4f8b,29,0x9e9a5c10651b30e7c8c828e94ee477d34199de4a11fdb5aa9732bf7ee6dd4e2d,0,0xcd0a0175ce2267e37b7c622417b4b621571aa77d,0xabbb6bebfa05aa13e908eaa492bd7a8343760477,300891260000000000,100000,100000000000,0,,0x0f2c9329000000000000000000000000167a9333bf582556f35bd4d16a7e80e191aa6476000000000000000000000000571b7b69829ce2568b9bc3d32eaf7405dab76b21,,33571,33571,12109891,0x0f2c9329,"split(address targetFork, address targetNoFork)",0.30089126,sent,0xcd0a0175ce2267e37b7c622417b4b621571aa77d
60,3867112,1497372764,0x74ed5efde557a5e3f9c2f45f1bcbb0e5da3fb8f036d28f863ed474164ada9312,216717,0xca856592e3f5c721c092059b33dc5202bcae3a28893bf8c5fad680183f9e6d55,2,0xb2930b35844a230f00e51431acae96fe543a0347,0xcd0a0175ce2267e37b7c622417b4b621571aa77d,300778870000000000,100000,40000000000,0,,0x,,63000,21000,12108291,0x,,0.30077887,received,0xcd0a0175ce2267e37b7c622417b4b621571aa77d
61,3867170,1497373812,0x03b00515ef21b65c99e06f17f5000f8726ad552dc2e06e75cbe850ad0b78711e,30,0xdfd772955443ca62f64b45307582d5a4603ab4129c54aa55d52caab0315a8452,1,0xcd0a0175ce2267e37b7c622417b4b621571aa77d,0xabbb6bebfa05aa13e908eaa492bd7a8343760477,297421770000000000,100000,100000000000,0,,0x0f2c9329000000000000000000000000167a9333bf582556f35bd4d16a7e80e191aa6476000000000000000000000000571b7b69829ce2568b9bc3d32eaf7405dab76b21,,67142,33571,12108233,0x0f2c9329,"split(address targetFork, address targetNoFork)",0.29742177,sent,0xcd0a0175ce2267e37b7c622417b4b621571aa77d
62,3868902,1497401503,0xb705c1fc29309bb3088e86c5d52cd7891c82eabe2dda24bca6e2d13975d5f242,217255,0x9b2233ac6daac4422ccf431f4f3a749dd5f3004f8145f3068a8d3aac9ddc137b,24,0xb2930b35844a230f00e51431acae96fe543a0347,0xcd0a0175ce2267e37b7c622417b4b621571aa77d,300146010000000000,100000,20000000000,0,,0x,,712033,21000,12106501,0x,,0.30014601,received,0xcd0a0175ce2267e37b7c622417b4b621571aa77d
63,3868953,1497402387,0xeb5e04ca402ce6ab5bd82707d18bc324aaf6675151cb4516cf0eb31ceefe78af,31,0xb032ab08d481f897f3136b0d6f37555c4725eb90cbe6f2ceb383bf5f0ed1a4d4,1,0xcd0a0175ce2267e37b7c622417b4b621571aa77d,0xabbb6bebfa05aa13e908eaa492bd7a8343760477,296788910000000000,100000,100000000000,0,,0x0f2c9329000000000000000000000000167a9333bf582556f35bd4d16a7e80e191aa6476000000000000000000000000571b7b69829ce2568b9bc3d32eaf7405dab76b21,,67142,33571,12106450,0x0f2c9329,"split(address targetFork, address targetNoFork)",0.29678891,sent,0xcd0a0175ce2267e37b7c622417b4b621571aa77d
64,3870458,1497426749,0xdb33dc4481dd77a49b0e2a6e039b5cf8a70c15671e7e25388e4946f50c31f7c0,217884,0x7e1ba9dcd62c55059660faad06377f7902442c3d45ea2d26eb360803444720f3,53,0xb2930b35844a230f00e51431acae96fe543a0347,0xcd0a0175ce2267e37b7c622417b4b621571aa77d,300302940000000000,100000,20000000000,0,,0x,,1275599,21000,12104945,0x,,0.30030294,received,0xcd0a0175ce2267e37b7c622417b4b621571aa77d
65,3870513,1497427529,0x0526645c28e3b1687222c86e6603d59f3c54347aaaccb428660fd31c5d257ff7,32,0xaedb38b62c8083a1c880f5177d309ac84e866615558a2d4efa99a182f14f7093,0,0xcd0a0175ce2267e37b7c622417b4b621571aa77d,0xabbb6bebfa05aa13e908eaa492bd7a8343760477,296945840000000000,100000,100000000000,0,,0x0f2c9329000000000000000000000000167a9333bf582556f35bd4d16a7e80e191aa6476000000000000000000000000571b7b69829ce2568b9bc3d32eaf7405dab76b21,,33571,33571,12104890,0x0f2c9329,"split(address targetFork, address targetNoFork)",0.29694584,sent,0xcd0a0175ce2267e37b7c622417b4b621571aa77d
66,3872386,1497458480,0x2403a8c7b7071ae7a3096741597c80c4c17170ab002967220ac21beb486773ff,218579,0x4facfefd5525a532977e6aecbbdfc03015281147380b2c176df7572393c069aa,46,0xb2930b35844a230f00e51431acae96fe543a0347,0xcd0a0175ce2267e37b7c622417b4b621571aa77d,299794480000000000,100000,20000000000,0,,0x,,3151069,21000,12103017,0x,,0.29979448,received,0xcd0a0175ce2267e37b7c622417b4b621571aa77d
67,3872440,1497459436,0xda40351c509b640afe9d218d9c19d59ff47c8448d9bc9bc756e84e1dc48cbd6b,33,0xd0d9dd1e535593c5a4c4e9dae0e7a1fc9c78ae070b1a554bd88a002be80860dd,0,0xcd0a0175ce2267e37b7c622417b4b621571aa77d,0xabbb6bebfa05aa13e908eaa492bd7a8343760477,296437380000000000,100000,100000000000,0,,0x0f2c9329000000000000000000000000167a9333bf582556f35bd4d16a7e80e191aa6476000000000000000000000000571b7b69829ce2568b9bc3d32eaf7405dab76b21,,33571,33571,12102963,0x0f2c9329,"split(address targetFork, address targetNoFork)",0.29643738,sent,0xcd0a0175ce2267e37b7c622417b4b621571aa77d
68,3874154,1497487030,0x40cefa69e50966929396ce16968bf9b0b68e1c2602237659a3e82afffeaa2b0f,219161,0x109be82d82ff99fca8fb37a2a49bdd12d3f8b6434186d779a7343ceaa5145a18,69,0xb2930b35844a230f00e51431acae96fe543a0347,0xcd0a0175ce2267e37b7c622417b4b621571aa77d,301029010000000000,100000,20000000000,0,,0x,,3159210,21000,12101249,0x,,0.30102901,received,0xcd0a0175ce2267e37b7c622417b4b621571aa77d
69,3874216,1497488193,0xfd4462a5129a0972c8fd13446b019c93c6ddc1d1a0cc140fc09baae96f6e69fa,34,0x49b0b73acf1fb113b1ea27a8297d1638c8bf063a3fe0f215291b5fcfbb29f613,16,0xcd0a0175ce2267e37b7c622417b4b621571aa77d,0xabbb6bebfa05aa13e908eaa492bd7a8343760477,297671910000000000,100000,100000000000,0,,0x0f2c9329000000000000000000000000167a9333bf582556f35bd4d16a7e80e191aa6476000000000000000000000000571b7b69829ce2568b9bc3d32eaf7405dab76b21,,558136,33571,12101187,0x0f2c9329,"split(address targetFork, address targetNoFork)",0.29767191,sent,0xcd0a0175ce2267e37b7c622417b4b621571aa77d
70,3875746,1497513202,0xb5d040ca5a038687efb1021628f1bb9b6383484c489f9a51662376dc7a84e2f8,219830,0x55c688ba34ab47125573eb545b516f6be44c8af5c84a33a6805afca1a5b44f7b,26,0xb2930b35844a230f00e51431acae96fe543a0347,0xcd0a0175ce2267e37b7c622417b4b621571aa77d,300027600000000000,100000,20000000000,0,,0x,,1548037,21000,12099657,0x,,0.3000276,received,0xcd0a0175ce2267e37b7c622417b4b621571aa77d
71,3875797,1497514166,0x09b76c2c4b1aa54b0993cb0f450e953f7493af0603c6075ef9e10495ea76a42f,35,0x7d382a5636a14d279df97aaa122dbd858ae4306293de220917c64f47a71f23fd,0,0xcd0a0175ce2267e37b7c622417b4b621571aa77d,0xabbb6bebfa05aa13e908eaa492bd7a8343760477,296670500000000000,100000,100000000000,0,,0x0f2c9329000000000000000000000000167a9333bf582556f35bd4d16a7e80e191aa6476000000000000000000000000571b7b69829ce2568b9bc3d32eaf7405dab76b21,,33571,33571,12099606,0x0f2c9329,"split(address targetFork, address targetNoFork)",0.2966705,sent,0xcd0a0175ce2267e37b7c622417b4b621571aa77d
72,3877590,1497542772,0x4a12f3b79a495320f912c565c8315bc0e837c4fadd0686c815bb76d91dc3f068,220549,0x7792ae719233f4ee9a3c3f4d91d3c886439710a3a7207c0cc611ca2a249c8686,34,0xb2930b35844a230f00e51431acae96fe543a0347,0xcd0a0175ce2267e37b7c622417b4b621571aa77d,302759390000000000,100000,20000000000,0,,0x,,1651664,21000,12097813,0x,,0.30275939,received,0xcd0a0175ce2267e37b7c622417b4b621571aa77d
73,3877647,1497543635,0xc435467dcc59aa053df6441ea50bd066136fc4252c628d1406050262f615a482,36,0x1db927c8a875711df83d41720a4798f527d72b176998f8abc1913698e8ba4fb4,2,0xcd0a0175ce2267e37b7c622417b4b621571aa77d,0xabbb6bebfa05aa13e908eaa492bd7a8343760477,299402290000000000,100000,100000000000,0,,0x0f2c9329000000000000000000000000167a9333bf582556f35bd4d16a7e80e191aa6476000000000000000000000000571b7b69829ce2568b9bc3d32eaf7405dab76b21,,100713,33571,12097756,0x0f2c9329,"split(address targetFork, address targetNoFork)",0.29940229,sent,0xcd0a0175ce2267e37b7c622417b4b621571aa77d
74,3879341,1497571752,0xf5e334416fbcd71bb6b7f628529112c9a869a3ebe7a0838871fed1a3f9da3716,221202,0x8b971e44aa1e47d3288dfb53a65d63b254e9eafacc75fd19c0f8da75837d463b,18,0xb2930b35844a230f00e51431acae96fe543a0347,0xcd0a0175ce2267e37b7c622417b4b621571aa77d,306901400000000000,100000,20000000000,0,,0x,,478656,21000,12096062,0x,,0.3069014,received,0xcd0a0175ce2267e37b7c622417b4b621571aa77d
75,3879392,1497572609,0xeda5df98b4f76fcd13c48498b56cb661884857d432af9ff2de9c8e45ab61e289,37,0xac0b4f977550691f557afbedc8f9d871c7273ac989f90bea049d7d716ee2b782,7,0xcd0a0175ce2267e37b7c622417b4b621571aa77d,0xabbb6bebfa05aa13e908eaa492bd7a8343760477,303544300000000000,100000,100000000000,0,,0x0f2c9329000000000000000000000000167a9333bf582556f35bd4d16a7e80e191aa6476000000000000000000000000571b7b69829ce2568b9bc3d32eaf7405dab76b21,,180571,33571,12096011,0x0f2c9329,"split(address targetFork, address targetNoFork)",0.3035443,sent,0xcd0a0175ce2267e37b7c622417b4b621571aa77d
76,3881249,1497603118,0xbd80cee29cdc0815f6737d197099ccc37808f3a1f9a3130f42c0d46b926f2c27,222019,0xc6aa6451113fbd2c9964feb1a9da3ed44ec0815d3f61512fd5f1ef2700260f7d,91,0xb2930b35844a230f00e51431acae96fe543a0347,0xcd0a0175ce2267e37b7c622417b4b621571aa77d,312709410000000000,100000,20000000000,0,,0x,,4448224,21000,12094154,0x,,0.31270941,received,0xcd0a0175ce2267e37b7c622417b4b621571aa77d
77,3881300,1497603903,0xab309f1f80581309886be180968059307f9577d54b1e151eadb2fd34912adc2c,38,0x3d237c9d3f7f6bba6f7d72b03739e6a25cc948b96a6238f4b6252aac2459a4f1,0,0xcd0a0175ce2267e37b7c622417b4b621571aa77d,0xabbb6bebfa05aa13e908eaa492bd7a8343760477,309352310000000000,100000,100000000000,0,,0x0f2c9329000000000000000000000000167a9333bf582556f35bd4d16a7e80e191aa6476000000000000000000000000571b7b69829ce2568b9bc3d32eaf7405dab76b21,,33571,33571,12094103,0x0f2c9329,"split(address targetFork, address targetNoFork)",0.30935231,sent,0xcd0a0175ce2267e37b7c622417b4b621571aa77d
78,3883171,1497633961,0x858d791c3bedfe2e7ffbf91016f6270520ca536daab3f16f7802fe875de6abf2,222769,0xdbc5c6f022dc0019fd1e68b8a9e9344229683680f63d5658cbc04482eb7594fd,12,0xb2930b35844a230f00e51431acae96fe543a0347,0xcd0a0175ce2267e37b7c622417b4b621571aa77d,301986460000000000,100000,20000000000,0,,0x,,547118,21000,12092232,0x,,0.30198646,received,0xcd0a0175ce2267e37b7c622417b4b621571aa77d
79,3883222,1497634828,0xf071a92d6d01d1b1b7e4fc53df7ff2f708b37c09b54094bb6a7ab5f6626d7785,39,0xa6730420940459ae8e315b0240fba10129ca0ad6da2fa6018abc2409a29141ae,0,0xcd0a0175ce2267e37b7c622417b4b621571aa77d,0xabbb6bebfa05aa13e908eaa492bd7a8343760477,298629360000000000,100000,100000000000,0,,0x0f2c9329000000000000000000000000167a9333bf582556f35bd4d16a7e80e191aa6476000000000000000000000000571b7b69829ce2568b9bc3d32eaf7405dab76b21,,33571,33571,12092181,0x0f2c9329,"split(address targetFork, address targetNoFork)",0.29862936,sent,0xcd0a0175ce2267e37b7c622417b4b621571aa77d
80,3885070,1497664990,0x044db18bf80d517c87641f25208e00362ff47c8736f17fe7cdba255b89bce461,223484,0xe5b1056b6a7536fc099ee930784cb4bc0b0d1a91fbd6c2d2a8897f77f9de86c4,39,0xb2930b35844a230f00e51431acae96fe543a0347,0xcd0a0175ce2267e37b7c622417b4b621571aa77d,305157890000000000,100000,20000000000,0,,0x,,1208338,21000,12090333,0x,,0.30515789,received,0xcd0a0175ce2267e37b7c622417b4b621571aa77d
81,3885120,1497665803,0x4d9dfb1850a113d34e8b30b077ec410e02a793753937ca22d024e4b1d09b9b22,40,0x8cc14c34728b189bf73950e0486c8e081cb2ccfa86b4f5dec17a77114686eb7b,0,0xcd0a0175ce2267e37b7c622417b4b621571aa77d,0xabbb6bebfa05aa13e908eaa492bd7a8343760477,301800790000000000,100000,100000000000,0,,0x0f2c9329000000000000000000000000167a9333bf582556f35bd4d16a7e80e191aa6476000000000000000000000000571b7b69829ce2568b9bc3d32eaf7405dab76b21,,33571,33571,12090283,0x0f2c9329,"split(address targetFork, address targetNoFork)",0.30180079,sent,0xcd0a0175ce2267e37b7c622417b4b621571aa77d
82,3886717,1497691117,0x132756c28bcff9e4ff06d17d71884d4a1acbcc198b07ef5aeec71109c2ec6488,224239,0x060a51c98e2fddb85f80b7b1a871d13ac301e603f5986a181875ad229d395f30,38,0xb2930b35844a230f00e51431acae96fe543a0347,0xcd0a0175ce2267e37b7c622417b4b621571aa77d,302627770000000000,100000,20000000000,0,,0x,,1327670,21000,12088686,0x,,0.30262777,received,0xcd0a0175ce2267e37b7c622417b4b621571aa77d
83,3886768,1497691804,0x3debcac5115dd15d0f18afd114abb47501706b2a91ab53c5d665d2dd4f55b5af,41,0xe46285aaba0dafc535e36dd3e8dcc07e67b10b3da2821c111e2dc094c6a2796c,0,0xcd0a0175ce2267e37b7c622417b4b621571aa77d,0xabbb6bebfa05aa13e908eaa492bd7a8343760477,299270670000000000,100000,100000000000,0,,0x0f2c9329000000000000000000000000167a9333bf582556f35bd4d16a7e80e191aa6476000000000000000000000000571b7b69829ce2568b9bc3d32eaf7405dab76b21,,33571,33571,12088635,0x0f2c9329,"split(address targetFork, address targetNoFork)",0.29927067,sent,0xcd0a0175ce2267e37b7c622417b4b621571aa77d
84,3888366,1497718088,0x0a70d544cfcc3e981d9b7502307e415359f91150d9884875f7a80c4a1a5b529b,225026,0xcf66e85e9eec2d32eabef086f0909b6d6c3205b922ba879a5253d99573aeef2a,15,0xb2930b35844a230f00e51431acae96fe543a0347,0xcd0a0175ce2267e37b7c622417b4b621571aa77d,300970460000000000,100000,20000000000,0,,0x,,837921,21000,12087037,0x,,0.30097046,received,0xcd0a0175ce2267e37b7c622417b4b621571aa77d
85,3888421,1497719013,0x366c9afc3ccebd32de5680e326c2bf91d23c0b1de246e2b216b85ba8dfda09e9,42,0x08438ff4c014fa792748166f6ce071c435dbff9105c782fc90e3548600c804b1,0,0xcd0a0175ce2267e37b7c622417b4b621571aa77d,0xabbb6bebfa05aa13e908eaa492bd7a8343760477,297613360000000000,100000,100000000000,0,,0x0f2c9329000000000000000000000000167a9333bf582556f35bd4d16a7e80e191aa6476000000000000000000000000571b7b69829ce2568b9bc3d32eaf7405dab76b21,,33571,33571,12086982,0x0f2c9329,"split(address targetFork, address targetNoFork)",0.29761336,sent,0xcd0a0175ce2267e37b7c622417b4b621571aa77d
86,3890359,1497750836,0xabe22d959d2683e72e3cf344549afb5eac63a32bf92679b5cc69c38a04d042a1,225815,0xd6e209d3e029f33cdc03b4187ac7ecc1c8207d8981320c571a3e368ef66082e8,57,0xb2930b35844a230f00e51431acae96fe543a0347,0xcd0a0175ce2267e37b7c622417b4b621571aa77d,302779560000000000,100000,20000000000,0,,0x,,2187548,21000,12085044,0x,,0.30277956,received,0xcd0a0175ce2267e37b7c622417b4b621571aa77d
87,3890413,1497751649,0x41129fc6e6f051da5847dbbb0a1e2cea3a8906c0b7168583043486c39d885f6a,43,0x9bd56d4094fb85a2c425a1a2b48f04a9806b4069e73d539abcc662a1b035e243,1,0xcd0a0175ce2267e37b7c622417b4b621571aa77d,0xabbb6bebfa05aa13e908eaa492bd7a8343760477,299422460000000000,100000,100000000000,0,,0x0f2c9329000000000000000000000000167a9333bf582556f35bd4d16a7e80e191aa6476000000000000000000000000571b7b69829ce2568b9bc3d32eaf7405dab76b21,,67142,33571,12084990,0x0f2c9329,"split(address targetFork, address targetNoFork)",0.29942246,sent,0xcd0a0175ce2267e37b7c622417b4b621571aa77d
88,3892460,1497784155,0x973e225b171d4179c982117049e4493a76dd2b63181e2c05e586402a3b424d53,226622,0x90134009ff9bbe6af0a2d9b5ec6516d0093d881c541b2e1d5dccd0f852c29b3c,39,0xb2930b35844a230f00e51431acae96fe543a0347,0xcd0a0175ce2267e37b7c622417b4b621571aa77d,303075360000000000,100000,20000000000,0,,0x,,1495110,21000,12082943,0x,,0.30307536,received,0xcd0a0175ce2267e37b7c622417b4b621571aa77d
89,3892512,1497785059,0xb7ed46a734f7dc074818ad57cce1d2c4376b66306d1d05e0b63b3b9c7849ccbf,44,0x792dd4cb7d7757b81d883e2a1eb803a737e6aed14d559581d18f37c04689f971,2,0xcd0a0175ce2267e37b7c622417b4b621571aa77d,0xabbb6bebfa05aa13e908eaa492bd7a8343760477,299718260000000000,100000,100000000000,0,,0x0f2c9329000000000000000000000000167a9333bf582556f35bd4d16a7e80e191aa6476000000000000000000000000571b7b69829ce2568b9bc3d32eaf7405dab76b21,,100713,33571,12082891,0x0f2c9329,"split(address targetFork, address targetNoFork)",0.29971826,sent,0xcd0a0175ce2267e37b7c622417b4b621571aa77d
90,3894579,1497818477,0xb81c20eb5068194d94eacd6a69047dfb9416fb9ee6c422837313bfe7687bac0d,227340,0x85a6861872a6999c308875c6652700f04b1a06f4561bd078b0378b1a745abe2d,40,0xb2930b35844a230f00e51431acae96fe543a0347,0xcd0a0175ce2267e37b7c622417b4b621571aa77d,302678280000000000,100000,20000000000,0,,0x,,4104816,21000,12080824,0x,,0.30267828,received,0xcd0a0175ce2267e37b7c622417b4b621571aa77d
91,3894635,1497819611,0xa58318a1af72e7403310bfe7606a500935b657e01bc707c0cca0a675983b3b18,45,0x84bfabe7e716d9dff970135c66e9539cc0bc939de4b022bb67772e327cd8b0e6,0,0xcd0a0175ce2267e37b7c622417b4b621571aa77d,0xabbb6bebfa05aa13e908eaa492bd7a8343760477,299321180000000000,100000,100000000000,0,,0x0f2c9329000000000000000000000000167a9333bf582556f35bd4d16a7e80e191aa6476000000000000000000000000571b7b69829ce2568b9bc3d32eaf7405dab76b21,,33571,33571,12080768,0x0f2c9329,"split(address targetFork, address targetNoFork)",0.29932118,sent,0xcd0a0175ce2267e37b7c622417b4b621571aa77d
92,3896570,1497851182,0xbeeac0dd4665c44584fd739969406762872f1b93d3d32e9047fb361b4bbc64e6,228149,0xc7b5cef03999b62bcc3a570a361aac5490ac5f542c9a776146f8e9fc3945f8fd,9,0xb2930b35844a230f00e51431acae96fe543a0347,0xcd0a0175ce2267e37b7c622417b4b621571aa77d,301644960000000000,100000,20000000000,0,,0x,,381556,21000,12078833,0x,,0.30164496,received,0xcd0a0175ce2267e37b7c622417b4b621571aa77d
93,3896625,1497852024,0xc08bd0ead46e93468981bd9c2fc534ff831902a5bb0f8893e788e88c59d193ae,46,0x5041b67a1dad8f910c4d9114e57e53440a18a6cb9519c32d68e1ad6cca99896b,1,0xcd0a0175ce2267e37b7c622417b4b621571aa77d,0xabbb6bebfa05aa13e908eaa492bd7a8343760477,298287860000000000,100000,100000000000,0,,0x0f2c9329000000000000000000000000167a9333bf582556f35bd4d16a7e80e191aa6476000000000000000000000000571b7b69829ce2568b9bc3d32eaf7405dab76b21,,67142,33571,12078778,0x0f2c9329,"split(address targetFork, address targetNoFork)",0.29828786,sent,0xcd0a0175ce2267e37b7c622417b4b621571aa77d
94,3898423,1497880974,0x3641f4ae2e4542aa3cd85d1858f3dafdaf77bd6f916dcb2a11b63d9c0405bba1,228929,0x7fb05ff57c375f7f5f26391a6922433a0fec89b1240850bc5b61a10753ed9ad7,59,0xb2930b35844a230f00e51431acae96fe543a0347,0xcd0a0175ce2267e37b7c622417b4b621571aa77d,300718670000000000,100000,20000000000,0,,0x,,2774520,21000,12076980,0x,,0.30071867,received,0xcd0a0175ce2267e37b7c622417b4b621571aa77d
95,3898475,1497881739,0xc9dd1d7c6074b2a111eec9f22a90b8207ee27c9a1ba6613b64126fd6bc218de0,47,0x9d83b240646139db02c87bc6958ac382660f2f55609033c235d36246e418c362,2,0xcd0a0175ce2267e37b7c622417b4b621571aa77d,0xabbb6bebfa05aa13e908eaa492bd7a8343760477,297361570000000000,100000,100000000000,0,,0x0f2c9329000000000000000000000000167a9333bf582556f35bd4d16a7e80e191aa6476000000000000000000000000571b7b69829ce2568b9bc3d32eaf7405dab76b21,,100713,33571,12076928,0x0f2c9329,"split(address targetFork, address targetNoFork)",0.29736157,sent,0xcd0a0175ce2267e37b7c622417b4b621571aa77d
96,3900479,1497914619,0xe66f15750b1937846b2c90240552c5929852ae2dbe60bc2467c12093aedaca95,229708,0x4ea01961190070c8c7ba1419695e614dbb46b08d2f31d056dd2ed76d9890def3,30,0xb2930b35844a230f00e51431acae96fe543a0347,0xcd0a0175ce2267e37b7c622417b4b621571aa77d,304490040000000000,100000,20000000000,0,,0x,,850624,21000,12074924,0x,,0.30449004,received,0xcd0a0175ce2267e37b7c622417b4b621571aa77d
97,3900529,1497915462,0x4c71f4e7c97a4aabc8e0b2e11d4b32cc157d27caae6529dfc5caa17c3cf83bf9,48,0xb55edde3bccddd8a426bd6d646868d47e187bc6a51340aa7bdd2aa216ed36b5b,1,0xcd0a0175ce2267e37b7c622417b4b621571aa77d,0xabbb6bebfa05aa13e908eaa492bd7a8343760477,301132940000000000,100000,100000000000,0,,0x0f2c9329000000000000000000000000167a9333bf582556f35bd4d16a7e80e191aa6476000000000000000000000000571b7b69829ce2568b9bc3d32eaf7405dab76b21,,67142,33571,12074874,0x0f2c9329,"split(address targetFork, address targetNoFork)",0.30113294,sent,0xcd0a0175ce2267e37b7c622417b4b621571aa77d
98,3902967,1497957665,0x783f6af94f9e6023631f9ea37aacba19b6c62a1bc547cd9f75a970b870f73a8c,230620,0x00c1ca9415028bb40aa45465fd9108674ad512fa9984f9da4e4b5f37219074b8,38,0xb2930b35844a230f00e51431acae96fe543a0347,0xcd0a0175ce2267e37b7c622417b4b621571aa77d,300147590000000000,100000,20000000000,0,,0x,,3180440,21000,12072436,0x,,0.30014759,received,0xcd0a0175ce2267e37b7c622417b4b621571aa77d
99,3903047,1497958994,0x8c80c24e2f153d44ac29cde278dbb3fef4aed41e6e801ec07bc4992b49488920,49,0xf429014990dc9733c5494f0696116a5e37f9820affb1e4a85647071d818ed14d,2,0xcd0a0175ce2267e37b7c622417b4b621571aa77d,0xabbb6bebfa05aa13e908eaa492bd7a8343760477,296790490000000000,100000,100000000000,0,,0x0f2c9329000000000000000000000000167a9333bf582556f35bd4d16a7e80e191aa6476000000000000000000000000571b7b69829ce2568b9bc3d32eaf7405dab76b21,,100713,33571,12072356,0x0f2c9329,"split(address targetFork, address targetNoFork)",0.29679049,sent,0xcd0a0175ce2267e37b7c622417b4b621571aa77d
100,3911752,1498111784,0xf2be848fef52fb653944d239240a937fdc5f22fb2915dbf754806f408ecec14b,233119,0x9cb0cab0087f2974fe2d2f96ee8f4103bc53806dd58bbb30922ff680ee7f1aba,24,0xb2930b35844a230f00e51431acae96fe543a0347,0xcd0a0175ce2267e37b7c622417b4b621571aa77d,1499662620000000000,100000,100000000000,0,,0x,,910252,21000,12063651,0x,,1.49966262,received,0xcd0a0175ce2267e37b7c622417b4b621571aa77d
101,3911811,1498112766,0xfccf9665f872a89e76c0b03a8e3d2c8d45078362996f7ca9e9680ad48ac92f1a,50,0x5d3be62ebba2f5c01623f701ce85e4dbf6b7cb1dcdfd82a42cfce04d3e14e1f5,1,0xcd0a0175ce2267e37b7c622417b4b621571aa77d,0xabbb6bebfa05aa13e908eaa492bd7a8343760477,1496305520000000000,100000,100000000000,0,,0x0f2c9329000000000000000000000000167a9333bf582556f35bd4d16a7e80e191aa6476000000000000000000000000571b7b69829ce2568b9bc3d32eaf7405dab76b21,,54571,33571,12063592,0x0f2c9329,"split(address targetFork, address targetNoFork)",1.49630552,sent,0xcd0a0175ce2267e37b7c622417b4b621571aa77d
102,3913732,1498147364,0x7caecdc4eef3390ab76baddea2a08db69d2e0c99c1f7e0c4e4f411fd6728a563,233867,0x148150383bae1d6660492fdff71b90045b36dace7c67950055fefe2b8b8711c3,8,0xb2930b35844a230f00e51431acae96fe543a0347,0xcd0a0175ce2267e37b7c622417b4b621571aa77d,298021230000000000,100000,100000000000,0,,0x,,293142,21000,12061671,0x,,0.29802123,received,0xcd0a0175ce2267e37b7c622417b4b621571aa77d
103,3913787,1498148277,0x344ff29b2f40df1003bcc0e9378588d67e5c813976fb53be5b9163c9246bd666,51,0xfb4b4110e3ca91ec7761c873d071ffb8769aeab1373f1347f808bae113360d19,21,0xcd0a0175ce2267e37b7c622417b4b621571aa77d,0xabbb6bebfa05aa13e908eaa492bd7a8343760477,294664130000000000,100000,100000000000,0,,0x0f2c9329000000000000000000000000167a9333bf582556f35bd4d16a7e80e191aa6476000000000000000000000000571b7b69829ce2568b9bc3d32eaf7405dab76b21,,505654,33571,12061616,0x0f2c9329,"split(address targetFork, address targetNoFork)",0.29466413,sent,0xcd0a0175ce2267e37b7c622417b4b621571aa77d
104,3915647,1498180251,0xbd3fcec3b4b235b3627865c6821c0bd15699a529a51b59d9dfeeb3178e069990,234582,0x2a3522c70da6f3e28bcd59a139fe4367e383b2096a02496d309df058a3e852ae,16,0xb2930b35844a230f00e51431acae96fe543a0347,0xcd0a0175ce2267e37b7c622417b4b621571aa77d,301247500000000000,100000,100000000000,0,,0x,,357000,21000,12059756,0x,,0.3012475,received,0xcd0a0175ce2267e37b7c622417b4b621571aa77d
105,3915706,1498181364,0x49c073e728ef0ec9c5142b53450d56352e560fd57112418c595448c1ecbaccd9,52,0xa89c1d64cc40a794fd202721e7bf0f469b90f627a36ca6885db4dae665bcc781,4,0xcd0a0175ce2267e37b7c622417b4b621571aa77d,0xabbb6bebfa05aa13e908eaa492bd7a8343760477,297890400000000000,100000,100000000000,0,,0x0f2c9329000000000000000000000000167a9333bf582556f35bd4d16a7e80e191aa6476000000000000000000000000571b7b69829ce2568b9bc3d32eaf7405dab76b21,,167855,33571,12059697,0x0f2c9329,"split(address targetFork, address targetNoFork)",0.2978904,sent,0xcd0a0175ce2267e37b7c622417b4b621571aa77d
106,3917636,1498215725,0x403bdee9a266690c2a89053a9407d50cf5d8d4b13b1fd0cbfe4fde225413cc47,235275,0xbddbdf0c6af6fcfcb41fb1534bd477ebc1962453371b760c9b72244beca68e76,0,0xb2930b35844a230f00e51431acae96fe543a0347,0xcd0a0175ce2267e37b7c622417b4b621571aa77d,299126230000000000,100000,100000000000,0,,0x,,21000,21000,12057767,0x,,0.29912623,received,0xcd0a0175ce2267e37b7c622417b4b621571aa77d
107,3917687,1498216664,0x564d0b9e93d37612c700eff25e16a2733598ae91ab3362e0c14ca38600568312,53,0xff0e9e00462f6d5021390797375cd5cbf0302d6906e1d9f3e4e2026f01a8a081,1,0xcd0a0175ce2267e37b7c622417b4b621571aa77d,0xabbb6bebfa05aa13e908eaa492bd7a8343760477,295769130000000000,100000,100000000000,0,,0x0f2c9329000000000000000000000000167a9333bf582556f35bd4d16a7e80e191aa6476000000000000000000000000571b7b69829ce2568b9bc3d32eaf7405dab76b21,,74481,33571,12057716,0x0f2c9329,"split(address targetFork, address targetNoFork)",0.29576913,sent,0xcd0a0175ce2267e37b7c622417b4b621571aa77d
108,3919589,1498249862,0xc3b3ca7229e2fd3281a753ddc2bed02fb8b7559589c42454bff42dbd011ff0f6,235924,0xebb05333d701d015db737718b8954c160822d9a4988a359ea4f8817ea1859cde,4,0xb2930b35844a230f00e51431acae96fe543a0347,0xcd0a0175ce2267e37b7c622417b4b621571aa77d,302314860000000000,100000,100000000000,0,,0x,,105000,21000,12055814,0x,,0.30231486,received,0xcd0a0175ce2267e37b7c622417b4b621571aa77d
109,3919643,1498250879,0xca364b477e5c9c4bf257a6a8e22abdcfbb4d59b75f6b53c3d73312f28a1f616a,54,0x4937bc537b99495d5392ece324da9f715d583a7aa59ffe727b9c6fd947a77028,3,0xcd0a0175ce2267e37b7c622417b4b621571aa77d,0xabbb6bebfa05aa13e908eaa492bd7a8343760477,298957760000000000,100000,100000000000,0,,0x0f2c9329000000000000000000000000167a9333bf582556f35bd4d16a7e80e191aa6476000000000000000000000000571b7b69829ce2568b9bc3d32eaf7405dab76b21,,134284,33571,12055760,0x0f2c9329,"split(address targetFork, address targetNoFork)",0.29895776,sent,0xcd0a0175ce2267e37b7c622417b4b621571aa77d
110,3921725,1498287238,0x5608167a0113b8ab2505a11ee8a01cf4bee94eb61d37b4b6fbfc869b7242226c,236720,0xb633953ace3425e8b97f50cc4dc4814ffcba8de008bf6fa73315d82ff0def4a1,1,0xb2930b35844a230f00e51431acae96fe543a0347,0xcd0a0175ce2267e37b7c622417b4b621571aa77d,299990190000000000,100000,100000000000,0,,0x,,54571,21000,12053678,0x,,0.29999019,received,0xcd0a0175ce2267e37b7c622417b4b621571aa77d
111,3921777,1498288075,0x871bf8e87819beed73d3d9316130df984f91f29c9f17638efb16c06ded409067,55,0x5a5636e69b3dad200f6e59f13479aee288fb2df0f5b1538909473b34b9934db3,1,0xcd0a0175ce2267e37b7c622417b4b621571aa77d,0xabbb6bebfa05aa13e908eaa492bd7a8343760477,296633090000000000,100000,100000000000,0,,0x0f2c9329000000000000000000000000167a9333bf582556f35bd4d16a7e80e191aa6476000000000000000000000000571b7b69829ce2568b9bc3d32eaf7405dab76b21,,54571,33571,12053626,0x0f2c9329,"split(address targetFork, address targetNoFork)",0.29663309,sent,0xcd0a0175ce2267e37b7c622417b4b621571aa77d
112,3923589,1498320078,0xb71f7200d30a72b999e5d76a56503d19cc5a6aaec7a9f5210bc44d5bcb94f603,237395,0x402f9f963f210c592544e622b48011112b9d8eed3f4f39462ee8e57be65aa27a,11,0xb2930b35844a230f00e51431acae96fe543a0347,0xcd0a0175ce2267e37b7c622417b4b621571aa77d,302807800000000000,100000,100000000000,0,,0x,,270512,21000,12051814,0x,,0.3028078,received,0xcd0a0175ce2267e37b7c622417b4b621571aa77d
113,3923644,1498321039,0xd6017903617e6666451514256de5bb34f955ab5a465a0c5b265e74593fde852a,56,0xd67692c9c080fbb6ae871711b851f817dbfc9bd14e78defa7f1d62a5052f1c1a,1,0xcd0a0175ce2267e37b7c622417b4b621571aa77d,0xabbb6bebfa05aa13e908eaa492bd7a8343760477,299450700000000000,100000,100000000000,0,,0x0f2c9329000000000000000000000000167a9333bf582556f35bd4d16a7e80e191aa6476000000000000000000000000571b7b69829ce2568b9bc3d32eaf7405dab76b21,,67142,33571,12051759,0x0f2c9329,"split(address targetFork, address targetNoFork)",0.2994507,sent,0xcd0a0175ce2267e37b7c622417b4b621571aa77d
114,3925542,1498353916,0xa4a3b3de8dc02b447669fbfd7c678c5159db177a6617738a5a0bf0f3d67c76da,238068,0xd016091c0b49ac80c86be80f349f5d981d98fd5a0ab8c545ec266b6271854914,16,0xb2930b35844a230f00e51431acae96fe543a0347,0xcd0a0175ce2267e37b7c622417b4b621571aa77d,303598570000000000,100000,100000000000,0,,0x,,836384,21000,12049861,0x,,0.30359857,received,0xcd0a0175ce2267e37b7c622417b4b621571aa77d
115,3925593,1498354879,0xe61f170751ec2252e711330d5733743076acdb9a1a2b82df23b2a938d0949f7d,57,0xf9aecb8b7560dcbd27191bdc9564a84bd6f27e0c49543871ed331d8a26275e9c,4,0xcd0a0175ce2267e37b7c622417b4b621571aa77d,0xabbb6bebfa05aa13e908eaa492bd7a8343760477,300241470000000000,100000,100000000000,0,,0x0f2c9329000000000000000000000000167a9333bf582556f35bd4d16a7e80e191aa6476000000000000000000000000571b7b69829ce2568b9bc3d32eaf7405dab76b21,,155284,33571,12049810,0x0f2c9329,"split(address targetFork, address targetNoFork)",0.30024147,sent,0xcd0a0175ce2267e37b7c622417b4b621571aa77d
116,3927566,1498389240,0xda64a5171552446a66da0ad680228f406d3316aaed2e08c891dd7dabe6902980,238811,0xb1133f1c60d49c3271b013ca6f7011c4a3a9bcde65a99221f144817f1e3530f0,1,0xb2930b35844a230f00e51431acae96fe543a0347,0xcd0a0175ce2267e37b7c622417b4b621571aa77d,299277860000000000,100000,100000000000,0,,0x,,42000,21000,12047837,0x,,0.29927786,received,0xcd0a0175ce2267e37b7c622417b4b621571aa77d
117,3927626,1498390220,0xb5cfeeb3f2ff07b58fec6846cfe045dd426505c5251681c0a1e7667ee246ca94,58,0xcbcaec5f914f77bbbe361e325565bf40d995370b2d91c29ee2b8e69c9bc256d2,1,0xcd0a0175ce2267e37b7c622417b4b621571aa77d,0xabbb6bebfa05aa13e908eaa492bd7a8343760477,295920760000000000,100000,100000000000,0,,0x0f2c9329000000000000000000000000167a9333bf582556f35bd4d16a7e80e191aa6476000000000000000000000000571b7b69829ce2568b9bc3d32eaf7405dab76b21,,67142,33571,12047777,0x0f2c9329,"split(address targetFork, address targetNoFork)",0.29592076,sent,0xcd0a0175ce2267e37b7c622417b4b621571aa77d
118,3929689,1498426920,0x20ba5181200a1f1194ffd0c27bef64b98e203ac65bc416f1023192557e4f823a,239467,0x9832a2a16c3225524ce8f7f08ed943b2a77973be072bce206848f8d11f940bce,3,0xb2930b35844a230f00e51431acae96fe543a0347,0xcd0a0175ce2267e37b7c622417b4b621571aa77d,300791450000000000,100000,100000000000,0,,0x,,84000,21000,12045714,0x,,0.30079145,received,0xcd0a0175ce2267e37b7c622417b4b621571aa77d
119,3929749,1498427869,0x001e8275cfd79b063302a96524ec121dbd9cd9d3d98456c11c37abe7fc8f7af7,59,0xdaefd320b07acb2be6c16c5365def7f1651b5314078c085cfbc834b9e559cb63,0,0xcd0a0175ce2267e37b7c622417b4b621571aa77d,0xabbb6bebfa05aa13e908eaa492bd7a8343760477,297434350000000000,100000,100000000000,0,,0x0f2c9329000000000000000000000000167a9333bf582556f35bd4d16a7e80e191aa6476000000000000000000000000571b7b69829ce2568b9bc3d32eaf7405dab76b21,,33571,33571,12045654,0x0f2c9329,"split(address targetFork, address targetNoFork)",0.29743435,sent,0xcd0a0175ce2267e37b7c622417b4b621571aa77d
120,3931854,1498463755,0x5d12e937ef97863295743ebb1ab324318dfa23b067a9d2cbec4348e86d127831,240328,0xba2383032b7e4fde8f9649f4948839b6d241e9881d4e322d6603987e3fd55d63,80,0xb2930b35844a230f00e51431acae96fe543a0347,0xcd0a0175ce2267e37b7c622417b4b621571aa77d,301533630000000000,100000,40000000000,0,,0x,,2185947,21000,12043549,0x,,0.30153363,received,0xcd0a0175ce2267e37b7c622417b4b621571aa77d
121,3931911,1498464860,0xf65e3679a57e2a3fc16b007d4478a0c2f2c89c9f3aa4b1d870a1da250ada0187,60,0xbb340277237dcd03e12fb44ab711fe466294ec2d3cebbcbe8cf8529c2ab9cb3f,5,0xcd0a0175ce2267e37b7c622417b4b621571aa77d,0xabbb6bebfa05aa13e908eaa492bd7a8343760477,298176530000000000,100000,100000000000,0,,0x0f2c9329000000000000000000000000167a9333bf582556f35bd4d16a7e80e191aa6476000000000000000000000000571b7b69829ce2568b9bc3d32eaf7405dab76b21,,188855,33571,12043492,0x0f2c9329,"split(address targetFork, address targetNoFork)",0.29817653,sent,0xcd0a0175ce2267e37b7c622417b4b621571aa77d
122,3933762,1498497115,0xacd50d5640f0953ca90d6fc1a807abbfc217e06e9d645b116d25448a2eb51708,240982,0x51c5e050b4367affa563f5f524cc2bb6acc1da4e4dc04ce4cc89fceb0d001da7,7,0xb2930b35844a230f00e51431acae96fe543a0347,0xcd0a0175ce2267e37b7c622417b4b621571aa77d,300915120000000000,100000,40000000000,0,,0x,,379211,21000,12041641,0x,,0.30091512,received,0xcd0a0175ce2267e37b7c622417b4b621571aa77d
123,3933820,1498498233,0x12f42b537b3875c39f81fb426f7e836c38b90b8b38d93e550b47c1934c3d1d77,61,0xac064c2c2402acb836fa5b64cd44372756d4cc0fe7c4d5338e08a52fea82a50e,0,0xcd0a0175ce2267e37b7c622417b4b621571aa77d,0xabbb6bebfa05aa13e908eaa492bd7a8343760477,297558020000000000,100000,100000000000,0,,0x0f2c9329000000000000000000000000167a9333bf582556f35bd4d16a7e80e191aa6476000000000000000000000000571b7b69829ce2568b9bc3d32eaf7405dab76b21,,33571,33571,12041583,0x0f2c9329,"split(address targetFork, address targetNoFork)",0.29755802,sent,0xcd0a0175ce2267e37b7c622417b4b621571aa77d
124,3935520,1498528314,0xb4a9cade050cec33e9eab7aa97f8fe8717c703fe2d4b28f107626002b03d943e,241696,0x1e49f46914042e0b954d8e07d64d1c165e9ca49e09b88a6bc8a9941f1d47857e,13,0xb2930b35844a230f00e51431acae96fe543a0347,0xcd0a0175ce2267e37b7c622417b4b621571aa77d,299388220000000000,100000,40000000000,0,,0x,,526106,21000,12039883,0x,,0.29938822,received,0xcd0a0175ce2267e37b7c622417b4b621571aa77d
125,3935580,1498529250,0xa972a8fde703a9ca17e50bdf096de804733f707c09447c62e7306e1307648695,62,0x485e8a5dd363ce11031c185f644d1e938a74e08e7c80ceb394253348788776b5,3,0xcd0a0175ce2267e37b7c622417b4b621571aa77d,0xabbb6bebfa05aa13e908eaa492bd7a8343760477,296031120000000000,100000,100000000000,0,,0x0f2c9329000000000000000000000000167a9333bf582556f35bd4d16a7e80e191aa6476000000000000000000000000571b7b69829ce2568b9bc3d32eaf7405dab76b21,,134284,33571,12039823,0x0f2c9329,"split(address targetFork, address targetNoFork)",0.29603112,sent,0xcd0a0175ce2267e37b7c622417b4b621571aa77d
126,3937522,1498562841,0xfed4ac4d00928cc9185e14e6b570ae6a5032d86b86ea2b4e8c9f84fedf629c03,242436,0xbf9213ffa411df407007e149fdff241ce344c5a2becd86595ce8c81e27a4909a,47,0xb2930b35844a230f00e51431acae96fe543a0347,0xcd0a0175ce2267e37b7c622417b4b621571aa77d,300188040000000000,100000,40000000000,0,,0x,,1281992,21000,12037881,0x,,0.30018804,received,0xcd0a0175ce2267e37b7c622417b4b621571aa77d
127,3937576,1498563661,0x81c80d129351c6b243f6fa7fc8ecaabe643888d5eebc6198782ebf3357dc9cc7,63,0xcad4046e4294ee1539603f4a045cfcdfe347acf5c3ac3dc337baaa85b110d2cd,6,0xcd0a0175ce2267e37b7c622417b4b621571aa77d,0xabbb6bebfa05aa13e908eaa492bd7a8343760477,296830940000000000,100000,100000000000,0,,0x0f2c9329000000000000000000000000167a9333bf582556f35bd4d16a7e80e191aa6476000000000000000000000000571b7b69829ce2568b9bc3d32eaf7405dab76b21,,222426,33571,12037827,0x0f2c9329,"split(address targetFork, address targetNoFork)",0.29683094,sent,0xcd0a0175ce2267e37b7c622417b4b621571aa77d
128,3939505,1498597710,0x4aa54f8408e3b4ae53c514c680b2269cec2c8604eb2b832a610457bb0a75cf50,243062,0x35680dd289700acd2b792bf34fb35abd618553194760b62b055706f7b7d6530a,89,0xb2930b35844a230f00e51431acae96fe543a0347,0xcd0a0175ce2267e37b7c622417b4b621571aa77d,303048490000000000,100000,40000000000,0,,0x,,3918147,21000,12035898,0x,,0.30304849,received,0xcd0a0175ce2267e37b7c622417b4b621571aa77d
129,3939565,1498598766,0xaf572a0d8264c1adab2936f1342b2dc6711bce976c4aca4b8c30d6ee5214b051,64,0x8a5a0601c53de1489a179625970b0bca4ac25c23f33e0e288539a19f54fc05e5,2,0xcd0a0175ce2267e37b7c622417b4b621571aa77d,0xabbb6bebfa05aa13e908eaa492bd7a8343760477,299691390000000000,100000,100000000000,0,,0x0f2c9329000000000000000000000000167a9333bf582556f35bd4d16a7e80e191aa6476000000000000000000000000571b7b69829ce2568b9bc3d32eaf7405dab76b21,,88142,33571,12035838,0x0f2c9329,"split(address targetFork, address targetNoFork)",0.29969139,sent,0xcd0a0175ce2267e37b7c622417b4b621571aa77d
130,3941513,1498631288,0x5a0e4f4f7bf6a3b29fa07f6c88129c9c1de7f3ae3d517345854f5dd840e6e5e0,243783,0x8939fa0dabd27743e40942e4677b11c8f0f17cc74c6ce8602070b747bbb2faf9,67,0xb2930b35844a230f00e51431acae96fe543a0347,0xcd0a0175ce2267e37b7c622417b4b621571aa77d,301683810000000000,100000,40000000000,0,,0x,,2380600,21000,12033890,0x,,0.30168381,received,0xcd0a0175ce2267e37b7c622417b4b621571aa77d
131,3941569,1498632106,0x31bf420821c3cd814878227542bcb5c4e3f1ab4a5aaa856303d0070857a22b5d,65,0x5dab895c9e6e5a3df7be99bb8f07c27ff019920386cb90ae1154ddfdc7922185,2,0xcd0a0175ce2267e37b7c622417b4b621571aa77d,0xabbb6bebfa05aa13e908eaa492bd7a8343760477,298326710000000000,100000,100000000000,0,,0x0f2c9329000000000000000000000000167a9333bf582556f35bd4d16a7e80e191aa6476000000000000000000000000571b7b69829ce2568b9bc3d32eaf7405dab76b21,,88142,33571,12033834,0x0f2c9329,"split(address targetFork, address targetNoFork)",0.29832671,sent,0xcd0a0175ce2267e37b7c622417b4b621571aa77d
132,3943831,1498672710,0x209b8bdce433198b5d968fb7e70eaf6db19e4c820e4598f65aefd6bbdcaa45cf,244537,0xd12d5a95ec0e0009937dde26b581ab66fea18895fae27cbf9d323c96afee0092,50,0xb2930b35844a230f00e51431acae96fe543a0347,0xcd0a0175ce2267e37b7c622417b4b621571aa77d,365047730000000000,100000,80000000000,0,,0x,,1091478,21000,12031572,0x,,0.36504773,received,0xcd0a0175ce2267e37b7c622417b4b621571aa77d
133,3944062,1498676491,0x973ea17da413c1451adec59876348cb2cd5c84c626437064f494764f80c25d0f,66,0x85e4d1f5706b40596535917a9882ec717beb0192eaae533df2be85af83159b5e,31,0xcd0a0175ce2267e37b7c622417b4b621571aa77d,0xabbb6bebfa05aa13e908eaa492bd7a8343760477,361690630000000000,100000,100000000000,0,,0x0f2c9329000000000000000000000000167a9333bf582556f35bd4d16a7e80e191aa6476000000000000000000000000571b7b69829ce2568b9bc3d32eaf7405dab76b21,,2343570,33571,12031341,0x0f2c9329,"split(address targetFork, address targetNoFork)",0.36169063,sent,0xcd0a0175ce2267e37b7c622417b4b621571aa77d
134,3945793,1498706609,0x1bc4e39cb44db1d326a369641f93bff7f36553bc017d8ea661ef244af724dad5,245333,0xd91797b812034e8c080d014edbbcce459c121fbb590952bce2c55a6f2bc5c8cd,8,0xb2930b35844a230f00e51431acae96fe543a0347,0xcd0a0175ce2267e37b7c622417b4b621571aa77d,304456550000000000,100000,80000000000,0,,0x,,228000,21000,12029610,0x,,0.30445655,received,0xcd0a0175ce2267e37b7c622417b4b621571aa77d
135,3945964,1498709372,0x9906eabf21893cb275478d4787e06aa53260a636deda2427ab1ed5d5917890f0,67,0xa691546eae75e29e8bcdcf2432983c15cc2fb66c6043bf7b91fd26c8cb415d27,5,0xcd0a0175ce2267e37b7c622417b4b621571aa77d,0xabbb6bebfa05aa13e908eaa492bd7a8343760477,301099450000000000,100000,100000000000,0,,0x0f2c9329000000000000000000000000167a9333bf582556f35bd4d16a7e80e191aa6476000000000000000000000000571b7b69829ce2568b9bc3d32eaf7405dab76b21,,201426,33571,12029439,0x0f2c9329,"split(address targetFork, address targetNoFork)",0.30109945,sent,0xcd0a0175ce2267e37b7c622417b4b621571aa77d
136,3947729,1498739577,0x589beb313fe0e99559c3ec3eaa720fe2ec82c325323bb216ceeeb1cf64159a75,246014,0xae7e17184b4a544aee12b9a6e703762556ca942c026943a7b08ed47996e96df1,11,0xb2930b35844a230f00e51431acae96fe543a0347,0xcd0a0175ce2267e37b7c622417b4b621571aa77d,299309770000000000,100000,80000000000,0,,0x,,387117,21000,12027674,0x,,0.29930977,received,0xcd0a0175ce2267e37b7c622417b4b621571aa77d
137,3947784,1498740488,0x8250170bfc8ca5b61750e7c1b19d7dd45ecc61d5f73cf6511779540198ed8ed6,68,0xffcb9f7e9305d2ab8754fdc1e30c168e9a11f12a6fd3ca16d0ed026dd034e1df,1,0xcd0a0175ce2267e37b7c622417b4b621571aa77d,0xabbb6bebfa05aa13e908eaa492bd7a8343760477,295952670000000000,100000,100000000000,0,,0x0f2c9329000000000000000000000000167a9333bf582556f35bd4d16a7e80e191aa6476000000000000000000000000571b7b69829ce2568b9bc3d32eaf7405dab76b21,,67142,33571,12027619,0x0f2c9329,"split(address targetFork, address targetNoFork)",0.29595267,sent,0xcd0a0175ce2267e37b7c622417b4b621571aa77d
138,3949751,1498774241,0xfe09fdd42ba10f75988a5edb69950218f7d59b231dc2ad577d4295b6beb7d44e,246635,0x1cb24a7c852c218e0d3dac9e7baf7ab33d8b35d1060d913df32245195a088bd3,31,0xb2930b35844a230f00e51431acae96fe543a0347,0xcd0a0175ce2267e37b7c622417b4b621571aa77d,301921480000000000,100000,80000000000,0,,0x,,1677490,21000,12025652,0x,,0.30192148,received,0xcd0a0175ce2267e37b7c622417b4b621571aa77d
139,3949803,1498775333,0xef9361654d745e695c565680e87191f59f1619f7d6651098608519f8b79359c3,69,0x47fa8fcb1ceae4c2933cf1b8cd158b783eea3285e2f3e5a65222051f9fb0a3de,81,0xcd0a0175ce2267e37b7c622417b4b621571aa77d,0xabbb6bebfa05aa13e908eaa492bd7a8343760477,298564380000000000,100000,100000000000,0,,0x0f2c9329000000000000000000000000167a9333bf582556f35bd4d16a7e80e191aa6476000000000000000000000000571b7b69829ce2568b9bc3d32eaf7405dab76b21,,1880403,33571,12025600,0x0f2c9329,"split(address targetFork, address targetNoFork)",0.29856438,sent,0xcd0a0175ce2267e37b7c622417b4b621571aa77d
140,3951805,1498810452,0xb73d5c73c3ec33c5980e0c270e5573820c9c4f52c883d29a93f7b3ab58850176,247420,0x0222f009aeae72a39935439006c977358a1a4f4e4ad1825e8043e68814b1eb29,33,0xb2930b35844a230f00e51431acae96fe543a0347,0xcd0a0175ce2267e37b7c622417b4b621571aa77d,299522280000000000,100000,40000000000,0,,0x,,1863312,21000,12023598,0x,,0.29952228,received,0xcd0a0175ce2267e37b7c622417b4b621571aa77d
141,3951867,1498811352,0x10361a23017bee2d72e22d934898e1296108ded9cbcf9fb7bd999f15c0fe71ee,70,0x44b1a2d38053bab3741bb23f967b8edef5b166b29d642687371008d301b366fb,0,0xcd0a0175ce2267e37b7c622417b4b621571aa77d,0xabbb6bebfa05aa13e908eaa492bd7a8343760477,296165180000000000,100000,100000000000,0,,0x0f2c9329000000000000000000000000167a9333bf582556f35bd4d16a7e80e191aa6476000000000000000000000000571b7b69829ce2568b9bc3d32eaf7405dab76b21,,33571,33571,12023536,0x0f2c9329,"split(address targetFork, address targetNoFork)",0.29616518,sent,0xcd0a0175ce2267e37b7c622417b4b621571aa77d
142,3953712,1498843028,0x0d0de42110a57c4e5d7143956ce702f2c300351a4d297a0ea0f16d3fb338e00a,248101,0x5be9535b34407675597675597a916ff2cb2858cabf220f2c4ec56da6293ef81c,12,0xb2930b35844a230f00e51431acae96fe543a0347,0xcd0a0175ce2267e37b7c622417b4b621571aa77d,301530980000000000,100000,40000000000,0,,0x,,2344905,21000,12021691,0x,,0.30153098,received,0xcd0a0175ce2267e37b7c622417b4b621571aa77d
143,3953772,1498844046,0xa3e3e747041d9f5b5e2a43cbd102e0c1872f464a82bb2de5e3dbf973dc873acf,71,0x85f567a4a5552f6ee27e80273581e99c40de4f8efa6eeff60b09e60c54f933af,1,0xcd0a0175ce2267e37b7c622417b4b621571aa77d,0xabbb6bebfa05aa13e908eaa492bd7a8343760477,298173880000000000,100000,100000000000,0,,0x0f2c9329000000000000000000000000167a9333bf582556f35bd4d16a7e80e191aa6476000000000000000000000000571b7b69829ce2568b9bc3d32eaf7405dab76b21,,67142,33571,12021631,0x0f2c9329,"split(address targetFork, address targetNoFork)",0.29817388,sent,0xcd0a0175ce2267e37b7c622417b4b621571aa77d
144,3956048,1498882908,0xe75baa392baad4a62496411220d381fabc6d7a21a11c42f2d042c44f7d745cdb,248889,0x14625d4c0c02e3f90341632fa0dc81f4ea200c9dd730158d49aaf0ab426952fa,89,0xb2930b35844a230f00e51431acae96fe543a0347,0xcd0a0175ce2267e37b7c622417b4b621571aa77d,301425380000000000,100000,40000000000,0,,0x,,2932642,21000,12019355,0x,,0.30142538,received,0xcd0a0175ce2267e37b7c622417b4b621571aa77d
145,3956098,1498883619,0x63e4a905d48561b2857aad1199ece65ab57bc52cebb1c83e18a08f4047752a46,72,0x4d7185f5e750f95694f344d466b7e40173649b2dd2ff37599ee05c01e67d9885,89,0xcd0a0175ce2267e37b7c622417b4b621571aa77d,0xabbb6bebfa05aa13e908eaa492bd7a8343760477,298068280000000000,100000,100000000000,0,,0x0f2c9329000000000000000000000000167a9333bf582556f35bd4d16a7e80e191aa6476000000000000000000000000571b7b69829ce2568b9bc3d32eaf7405dab76b21,,2287390,33571,12019305,0x0f2c9329,"split(address targetFork, address targetNoFork)",0.29806828,sent,0xcd0a0175ce2267e37b7c622417b4b621571aa77d
146,3958259,1498920997,0x3f8a2ede2b56ff028374a4513490617a8522ecbb443c027de45a673d10c617b0,249673,0x4e4bc5241cefd1f72a7ba5d1983ba72a7e6fa23b49dc210e710e7e8d5d1c4c14,15,0xb2930b35844a230f00e51431acae96fe543a0347,0xcd0a0175ce2267e37b7c622417b4b621571aa77d,306455590000000000,100000,40000000000,0,,0x,,540874,21000,12017144,0x,,0.30645559,received,0xcd0a0175ce2267e37b7c622417b4b621571aa77d
147,3958315,1498921923,0x13b16215a53f2552ff6c7ab3917e75c83f0d1813d9273e1fca6032a79c0d77dd,73,0x8b5126655398899e75d6967868acf909d756ba9d2648db4982ea3e3ee87efb04,0,0xcd0a0175ce2267e37b7c622417b4b621571aa77d,0xabbb6bebfa05aa13e908eaa492bd7a8343760477,303098490000000000,100000,100000000000,0,,0x0f2c9329000000000000000000000000167a9333bf582556f35bd4d16a7e80e191aa6476000000000000000000000000571b7b69829ce2568b9bc3d32eaf7405dab76b21,,33571,33571,12017088,0x0f2c9329,"split(address targetFork, address targetNoFork)",0.30309849,sent,0xcd0a0175ce2267e37b7c622417b4b621571aa77d
148,3960297,1498956107,0xee94712d86564b032b1ce010757f68a13647bbd52c75e7d5534887d72152f57d,250405,0xd25801ea2c8c9f8061a71d6fc2f9f5963b07896491c4bb68a56eb26953b2e686,72,0xb2930b35844a230f00e51431acae96fe543a0347,0xcd0a0175ce2267e37b7c622417b4b621571aa77d,305478080000000000,100000,40000000000,0,,0x,,2747057,21000,12015106,0x,,0.30547808,received,0xcd0a0175ce2267e37b7c622417b4b621571aa77d
149,3960351,1498957021,0x7ef83dbc4f828e9eb93da4b91c7d7548a69bd8bc776e09943f211e15c76aee30,74,0x00c69c938833aec2b6e66a27c92b02598ed6de35b468a3901b7a198496e451cc,0,0xcd0a0175ce2267e37b7c622417b4b621571aa77d,0xabbb6bebfa05aa13e908eaa492bd7a8343760477,302120980000000000,100000,100000000000,0,,0x0f2c9329000000000000000000000000167a9333bf582556f35bd4d16a7e80e191aa6476000000000000000000000000571b7b69829ce2568b9bc3d32eaf7405dab76b21,,33571,33571,12015052,0x0f2c9329,"split(address targetFork, address targetNoFork)",0.30212098,sent,0xcd0a0175ce2267e37b7c622417b4b621571aa77d
150,3962348,1498991494,0x072ea2805e3c049f67166c215a866d8890a0214d2e97b2e9c0ca9d713a52a055,251121,0x4c641daf56f3443f37ec808b76ecf2876805d8da216b01572770c107e1a8743f,49,0xb2930b35844a230f00e51431acae96fe543a0347,0xcd0a0175ce2267e37b7c622417b4b621571aa77d,299899270000000000,100000,40000000000,0,,0x,,1164933,21000,12013055,0x,,0.29989927,received,0xcd0a0175ce2267e37b7c622417b4b621571aa77d
151,3962414,1498992603,0x53d7ac08746b8d5021008fa498262c17445d434086bb2f0c6a627002d38ac12d,75,0xced530af64eec5595812e36699d295ebb246b2ed714c52804bca72af6bffd35e,4,0xcd0a0175ce2267e37b7c622417b4b621571aa77d,0xabbb6bebfa05aa13e908eaa492bd7a8343760477,296542170000000000,100000,100000000000,0,,0x0f2c9329000000000000000000000000167a9333bf582556f35bd4d16a7e80e191aa6476000000000000000000000000571b7b69829ce2568b9bc3d32eaf7405dab76b21,,167855,33571,12012989,0x0f2c9329,"split(address targetFork, address targetNoFork)",0.29654217,sent,0xcd0a0175ce2267e37b7c622417b4b621571aa77d
152,3964596,1499029401,0xd3df35ada89e1f9c4f2dd86a4fb1bf64aeb9360a5524f3a83444cfae5257f17c,251837,0xcd4318c171df4802d068b0e4a23df686872f4f86c3fe5e2ac7ad93239fd9f7f3,106,0xb2930b35844a230f00e51431acae96fe543a0347,0xcd0a0175ce2267e37b7c622417b4b621571aa77d,301869820000000000,100000,40000000000,0,,0x,,4020769,21000,12010807,0x,,0.30186982,received,0xcd0a0175ce2267e37b7c622417b4b621571aa77d
153,3964661,1499030599,0xc07a97d38319cdaa1f200ed94f26ee0f5901c8b18a9eb60a80e205061589f0de,76,0x25e49dd8a2107ca1379fca9c3444d83ab90425f4fa5298cbaf3a55bdc1bbfdfc,5,0xcd0a0175ce2267e37b7c622417b4b621571aa77d,0xabbb6bebfa05aa13e908eaa492bd7a8343760477,298512720000000000,100000,100000000000,0,,0x0f2c9329000000000000000000000000167a9333bf582556f35bd4d16a7e80e191aa6476000000000000000000000000571b7b69829ce2568b9bc3d32eaf7405dab76b21,,201426,33571,12010742,0x0f2c9329,"split(address targetFork, address targetNoFork)",0.29851272,sent,0xcd0a0175ce2267e37b7c622417b4b621571aa77d
154,3966722,1499065454,0xa7d72176618a0bf6a11c663dbb216f76df10c233e6a26b1327956208fdc16450,252744,0x7ed1f521181d6488b44452053509c83048148b2e8f2d18848d822d103150c317,41,0xb2930b35844a230f00e51431acae96fe543a0347,0xcd0a0175ce2267e37b7c622417b4b621571aa77d,304165950000000000,100000,40000000000,0,,0x,,5499053,21000,12008681,0x,,0.30416595,received,0xcd0a0175ce2267e37b7c622417b4b621571aa77d
155,3966797,1499066872,0xaa1e223a580973dce220460ddf305dfe861286e84708101575e4b27d05ab4279,77,0x155deb7f7fedf3ce34ccbe17d046811073cc23a9b49d59a4e71741ab1fe8be88,2,0xcd0a0175ce2267e37b7c622417b4b621571aa77d,0xabbb6bebfa05aa13e908eaa492bd7a8343760477,300808850000000000,100000,100000000000,0,,0x0f2c9329000000000000000000000000167a9333bf582556f35bd4d16a7e80e191aa6476000000000000000000000000571b7b69829ce2568b9bc3d32eaf7405dab76b21,,100713,33571,12008606,0x0f2c9329,"split(address targetFork, address targetNoFork)",0.30080885,sent,0xcd0a0175ce2267e37b7c622417b4b621571aa77d
156,3968891,1499103075,0x4b42d881a895ab3f16035ebf9a1031392962feb24cb3d460c39a7126337c4adf,253540,0xf04db56074ad3a3356ade034c3402842130898570309df6e82a726007402ac2d,13,0xb2930b35844a230f00e51431acae96fe543a0347,0xcd0a0175ce2267e37b7c622417b4b621571aa77d,301121210000000000,100000,40000000000,0,,0x,,332192,21000,12006512,0x,,0.30112121,received,0xcd0a0175ce2267e37b7c622417b4b621571aa77d
157,3969353,1499111195,0x456b2d285a98d50c1952c544041bbfa3cf6a38986cc021c431679d8b3fcd07d4,78,0x16eaef9eab631b696b20c0f6639508ad9f1140cd352e4e017f8f7b8dc8e62494,3,0xcd0a0175ce2267e37b7c622417b4b621571aa77d,0xabbb6bebfa05aa13e908eaa492bd7a8343760477,297764110000000000,100000,100000000000,0,,0x0f2c9329000000000000000000000000167a9333bf582556f35bd4d16a7e80e191aa6476000000000000000000000000571b7b69829ce2568b9bc3d32eaf7405dab76b21,,134284,33571,12006050,0x0f2c9329,"split(address targetFork, address targetNoFork)",0.29776411,sent,0xcd0a0175ce2267e37b7c622417b4b621571aa77d
158,3971184,1499142114,0xa22c77d07830dc1ffe0e9bc5df2d80bb3090aeb4b1b962fb85b02b2430e09831,254396,0xcdbf57c806ee8745f7f24b37f5b1cd620f79b575839575cf5de4de2249454691,7,0xb2930b35844a230f00e51431acae96fe543a0347,0xcd0a0175ce2267e37b7c622417b4b621571aa77d,299984790000000000,100000,40000000000,0,,0x,,965582,21000,12004219,0x,,0.29998479,received,0xcd0a0175ce2267e37b7c622417b4b621571aa77d
159,3971511,1499147823,0x682befac7e3f305a9ec9989104cb9b1b94018a5d41a326694ed66b227d7f30a2,79,0x9c43bc9d228605a6f3dc2325f15794b46111f62b236149e0928e0472f1a06921,2,0xcd0a0175ce2267e37b7c622417b4b621571aa77d,0xabbb6bebfa05aa13e908eaa492bd7a8343760477,296627690000000000,100000,100000000000,0,,0x0f2c9329000000000000000000000000167a9333bf582556f35bd4d16a7e80e191aa6476000000000000000000000000571b7b69829ce2568b9bc3d32eaf7405dab76b21,,100713,33571,12003892,0x0f2c9329,"split(address targetFork, address targetNoFork)",0.29662769,sent,0xcd0a0175ce2267e37b7c622417b4b621571aa77d
160,3973311,1499179013,0xb306cf582210ee3aa3786827fc891008593917b974d6e26b035f1ae44797b78e,255286,0x3b9fb28c081b7f0da2b3997b601d461ec75335033f6e2b90d0ddc1e8e4121fd9,40,0xb2930b35844a230f00e51431acae96fe543a0347,0xcd0a0175ce2267e37b7c622417b4b621571aa77d,299885020000000000,100000,40000000000,0,,0x,,1733496,21000,12002092,0x,,0.29988502,received,0xcd0a0175ce2267e37b7c622417b4b621571aa77d
161,3973525,1499182284,0xdee1a55d840933b338dd644b168a549f0d58914de48a2c1da526147818c86e94,80,0x0f947671d97db436e32286daf06c31f577e39e31f69d19cb77d7ac286cc0e04e,24,0xcd0a0175ce2267e37b7c622417b4b621571aa77d,0xabbb6bebfa05aa13e908eaa492bd7a8343760477,296527920000000000,100000,100000000000,0,,0x0f2c9329000000000000000000000000167a9333bf582556f35bd4d16a7e80e191aa6476000000000000000000000000571b7b69829ce2568b9bc3d32eaf7405dab76b21,,674474,33571,12001878,0x0f2c9329,"split(address targetFork, address targetNoFork)",0.29652792,sent,0xcd0a0175ce2267e37b7c622417b4b621571aa77d
162,3975660,1499218634,0x9cdda460bf055a46a770d6bbf925da44324543cb8b6ecd1804952ee2ca31ae63,256161,0xc5c41dd708aa26c032f2f0edacd6880df93e327719d227b9a8512531f4c1de32,56,0xb2930b35844a230f00e51431acae96fe543a0347,0xcd0a0175ce2267e37b7c622417b4b621571aa77d,300283390000000000,100000,40000000000,0,,0x,,3043187,21000,11999743,0x,,0.30028339,received,0xcd0a0175ce2267e37b7c622417b4b621571aa77d
163,3975744,1499220163,0xe4dbd6c8400e57ec62573c6ea189a60c8af495877a94ac0eca8124da19aec145,81,0xaa5f7f60ff6ce72b0e11e49b11be2b4fd609650393dec16355a864f97d9ec6e2,3,0xcd0a0175ce2267e37b7c622417b4b621571aa77d,0xabbb6bebfa05aa13e908eaa492bd7a8343760477,296926290000000000,100000,100000000000,0,,0x0f2c9329000000000000000000000000167a9333bf582556f35bd4d16a7e80e191aa6476000000000000000000000000571b7b69829ce2568b9bc3d32eaf7405dab76b21,,134284,33571,11999659,0x0f2c9329,"split(address targetFork, address targetNoFork)",0.29692629,sent,0xcd0a0175ce2267e37b7c622417b4b621571aa77d
164,3977694,1499254371,0xd4261b628a31997239fb0a8c28b5084dd65cf4ad25099fc317061060b5f94ebb,257032,0xd2b2387b83db7e3cd1d3373c9665bd84cbf8710801de33c9f0e51d55e1254bb3,13,0xb2930b35844a230f00e51431acae96fe543a0347,0xcd0a0175ce2267e37b7c622417b4b621571aa77d,302665930000000000,100000,40000000000,0,,0x,,339954,21000,11997709,0x,,0.30266593,received,0xcd0a0175ce2267e37b7c622417b4b621571aa77d
165,3977793,1499256048,0xb94355aec21ed68f38409893929cdd23e0ac388869a28a8705f7c369d2dae683,82,0x86e8152e714226fb6a126cb9e1ba762121e6daee03f5f2cefc1e6d5b172b7c91,6,0xcd0a0175ce2267e37b7c622417b4b621571aa77d,0xabbb6bebfa05aa13e908eaa492bd7a8343760477,299308830000000000,100000,100000000000,0,,0x0f2c9329000000000000000000000000167a9333bf582556f35bd4d16a7e80e191aa6476000000000000000000000000571b7b69829ce2568b9bc3d32eaf7405dab76b21,,234997,33571,11997610,0x0f2c9329,"split(address targetFork, address targetNoFork)",0.29930883,sent,0xcd0a0175ce2267e37b7c622417b4b621571aa77d
166,3979801,1499289973,0x347241afa3c445b02fd24772cb638f8625be28c4bdb3226d07b7066664556920,257811,0x6b7a5f0a1d9a97a4b5343cf3d43820382feaa51fd4159b04ed5ffbab36419f25,41,0xb2930b35844a230f00e51431acae96fe543a0347,0xcd0a0175ce2267e37b7c622417b4b621571aa77d,299190440000000000,100000,40000000000,0,,0x,,3279991,21000,11995602,0x,,0.29919044,received,0xcd0a0175ce2267e37b7c622417b4b621571aa77d
167,3979867,1499291063,0x632d61b78bfd8308474944fd1c95315faaa1d7116608952ad17dc222c7b40273,83,0xf9491f4aa8e29fa0d38d48d9d739927aa3be69d2741891c5ba8e2d6c6c5b2592,68,0xcd0a0175ce2267e37b7c622417b4b621571aa77d,0xabbb6bebfa05aa13e908eaa492bd7a8343760477,295833340000000000,100000,100000000000,0,,0x0f2c9329000000000000000000000000167a9333bf582556f35bd4d16a7e80e191aa6476000000000000000000000000571b7b69829ce2568b9bc3d32eaf7405dab76b21,,3440686,33571,11995536,0x0f2c9329,"split(address targetFork, address targetNoFork)",0.29583334,sent,0xcd0a0175ce2267e37b7c622417b4b621571aa77d
168,3982188,1499331066,0xb253a79b29af219013518b76d1f10259136f47d0e4f80cf4570e8b13cc8ece9b,258718,0x45b33cbc052abc7fa723e65161d2b753802c4852a1a4f3c82885985e8b291275,6,0xb2930b35844a230f00e51431acae96fe543a0347,0xcd0a0175ce2267e37b7c622417b4b621571aa77d,302909340000000000,100000,40000000000,0,,0x,,148968,21000,11993215,0x,,0.30290934,received,0xcd0a0175ce2267e37b7c622417b4b621571aa77d
169,3982262,1499332130,0xa113f451866e182466a335eedf1f566f3aceb7fe9047eec1ca4597ee47fe6bd4,84,0xce9d67919742e488fd109aa6ec143a0d53ca9bd679fbb4144b76e36a5dfbf571,1,0xcd0a0175ce2267e37b7c622417b4b621571aa77d,0xabbb6bebfa05aa13e908eaa492bd7a8343760477,299552240000000000,100000,100000000000,0,,0x0f2c9329000000000000000000000000167a9333bf582556f35bd4d16a7e80e191aa6476000000000000000000000000571b7b69829ce2568b9bc3d32eaf7405dab76b21,,67142,33571,11993141,0x0f2c9329,"split(address targetFork, address targetNoFork)",0.29955224,sent,0xcd0a0175ce2267e37b7c622417b4b621571aa77d
170,3984191,1499364825,0xcced4b225f624c294795d882c38ffcf1d3aead059e4f2d3c697a1a3f25447a08,259519,0x9e15bde027143d91afac44909492cb8c506f1624d38fac6b6f81c80748001367,143,0xb2930b35844a230f00e51431acae96fe543a0347,0xcd0a0175ce2267e37b7c622417b4b621571aa77d,301801910000000000,100000,40000000000,0,,0x,,5184650,21000,11991212,0x,,0.30180191,received,0xcd0a0175ce2267e37b7c622417b4b621571aa77d
171,3984985,1499378909,0x9209332f9c85ca2a05fd4e3c2b1636597d5a63a32244969f28859ebc12d3e0d6,85,0x9aeae16a95f079867b3487ff058dfa3028ebfed38d2e0b97650b9387fa9ad191,8,0xcd0a0175ce2267e37b7c622417b4b621571aa77d,0xabbb6bebfa05aa13e908eaa492bd7a8343760477,298444810000000000,100000,100000000000,0,,0x0f2c9329000000000000000000000000167a9333bf582556f35bd4d16a7e80e191aa6476000000000000000000000000571b7b69829ce2568b9bc3d32eaf7405dab76b21,,302139,33571,11990418,0x0f2c9329,"split(address targetFork, address targetNoFork)",0.29844481,sent,0xcd0a0175ce2267e37b7c622417b4b621571aa77d
172,3986573,1499406418,0xe56287b32282ec73a0b5d9eb7aa190f81967a3f13f999aec0a984363818ed452,260440,0x62fab3cf67374996754631f20f5cc3de378717917d3db48dcb0cd7bd0ab7aedc,70,0xb2930b35844a230f00e51431acae96fe543a0347,0xcd0a0175ce2267e37b7c622417b4b621571aa77d,301423820000000000,100000,40000000000,0,,0x,,3318066,21000,11988830,0x,,0.30142382,received,0xcd0a0175ce2267e37b7c622417b4b621571aa77d
173,3986627,1499407619,0x308db7a3e39f06d08fc5e2aa11b8b1d124bb8efd2c17a108a25f84d8120aae31,86,0x32ad9e089ebe60cb5088810759376562b23daf2802a6fe31794f9ce9dd2a535b,1,0xcd0a0175ce2267e37b7c622417b4b621571aa77d,0xabbb6bebfa05aa13e908eaa492bd7a8343760477,298066720000000000,100000,100000000000,0,,0x0f2c9329000000000000000000000000167a9333bf582556f35bd4d16a7e80e191aa6476000000000000000000000000571b7b69829ce2568b9bc3d32eaf7405dab76b21,,67142,33571,11988776,0x0f2c9329,"split(address targetFork, address targetNoFork)",0.29806672,sent,0xcd0a0175ce2267e37b7c622417b4b621571aa77d
174,3988459,1499438609,0xd421d08122881f9d9cdc447f71cb7eabf583828e1ad1db367c348ad0d55d485b,261213,0x6e4dfd5762dcbcd72f2c2448192e95c6b9747caa7b332cabe33ba12f7aa8514b,12,0xb2930b35844a230f00e51431acae96fe543a0347,0xcd0a0175ce2267e37b7c622417b4b621571aa77d,299182550000000000,100000,40000000000,0,,0x,,2971930,21000,11986944,0x,,0.29918255,received,0xcd0a0175ce2267e37b7c622417b4b621571aa77d
175,3988523,1499439546,0x55b9581bc7110f42b76421c33feab7c4e4a28da7a8a039548c52bdd36a01124d,87,0x3a07188d60ff678085966a6a41b30680240fce2cac2122e656e051d5cb16478e,2,0xcd0a0175ce2267e37b7c622417b4b621571aa77d,0xabbb6bebfa05aa13e908eaa492bd7a8343760477,295825450000000000,100000,100000000000,0,,0x0f2c9329000000000000000000000000167a9333bf582556f35bd4d16a7e80e191aa6476000000000000000000000000571b7b69829ce2568b9bc3d32eaf7405dab76b21,,100713,33571,11986880,0x0f2c9329,"split(address targetFork, address targetNoFork)",0.29582545,sent,0xcd0a0175ce2267e37b7c622417b4b621571aa77d
176,3990545,1499473900,0x8b2b722a3f22b804cee9de6c4fc8d564df38b232e8578abae8de5409e51bf2f5,261918,0x607ea2d2b0a14c2ca421ab922579cde0737883062b77d6e9a11266ab209d763b,6,0xb2930b35844a230f00e51431acae96fe543a0347,0xcd0a0175ce2267e37b7c622417b4b621571aa77d,300946800000000000,100000,40000000000,0,,0x,,150426,21000,11984858,0x,,0.3009468,received,0xcd0a0175ce2267e37b7c622417b4b621571aa77d
177,3990596,1499474832,0x1f44ca08b13e0b3ba377a3e73b29be0717e9a22ad3618e7cd261dd80fe89e727,88,0x0ff75a5cab7da717725072ae8860b5be3d204e833eedc5089919f6c73c4e9fcd,3,0xcd0a0175ce2267e37b7c622417b4b621571aa77d,0xabbb6bebfa05aa13e908eaa492bd7a8343760477,297589700000000000,100000,100000000000,0,,0x0f2c9329000000000000000000000000167a9333bf582556f35bd4d16a7e80e191aa6476000000000000000000000000571b7b69829ce2568b9bc3d32eaf7405dab76b21,,134284,33571,11984807,0x0f2c9329,"split(address targetFork, address targetNoFork)",0.2975897,sent,0xcd0a0175ce2267e37b7c622417b4b621571aa77d
178,3992499,1499506816,0xbdb1e8382fd3b117a3b8a42e825e4ef7f9047c7651de106b4831113d9ed1fd28,262713,0x617607946bf0640fd10553779bb3a2786fefbe749acc4edf6d3c7e9e2ae2dda6,20,0xb2930b35844a230f00e51431acae96fe543a0347,0xcd0a0175ce2267e37b7c622417b4b621571aa77d,318391510000000000,100000,20000000000,0,,0x,,676179,21000,11982904,0x,,0.31839151,received,0xcd0a0175ce2267e37b7c622417b4b621571aa77d
179,3992553,1499507868,0xa65afdff1b4b463c79162165e79f108898ed3a6da9e50d9f5f269a98cfe45ea9,89,0x71374ac14472fc49c1a274d1e064539b49f11f5c6db5e3eda770f10c88012389,3,0xcd0a0175ce2267e37b7c622417b4b621571aa77d,0xabbb6bebfa05aa13e908eaa492bd7a8343760477,315034410000000000,100000,100000000000,0,,0x0f2c9329000000000000000000000000167a9333bf582556f35bd4d16a7e80e191aa6476000000000000000000000000571b7b69829ce2568b9bc3d32eaf7405dab76b21,,134284,33571,11982850,0x0f2c9329,"split(address targetFork, address targetNoFork)",0.31503441,sent,0xcd0a0175ce2267e37b7c622417b4b621571aa77d
180,3994480,1499540246,0xd9222718fbc66fef36b6318602b129123c6e25250a1268c22f7275e51194af58,263436,0x86fc7cec7a7447fb642bffab0ffc67a74745582c2ae01208d9ea6cec28ed0b50,35,0xb2930b35844a230f00e51431acae96fe543a0347,0xcd0a0175ce2267e37b7c622417b4b621571aa77d,300186480000000000,100000,20000000000,0,,0x,,2746642,21000,11980923,0x,,0.30018648,received,0xcd0a0175ce2267e37b7c622417b4b621571aa77d
181,3994530,1499541033,0x33953635f11c38eb0ddba7082263d085b68a74b895c1a89c4bef41605ff52aac,90,0x125e14935a08d3d45ee9b76abb06d4d1b2596b44de47781558d2dc92c40133fb,2,0xcd0a0175ce2267e37b7c622417b4b621571aa77d,0xabbb6bebfa05aa13e908eaa492bd7a8343760477,296829380000000000,100000,100000000000,0,,0x0f2c9329000000000000000000000000167a9333bf582556f35bd4d16a7e80e191aa6476000000000000000000000000571b7b69829ce2568b9bc3d32eaf7405dab76b21,,100713,33571,11980873,0x0f2c9329,"split(address targetFork, address targetNoFork)",0.29682938,sent,0xcd0a0175ce2267e37b7c622417b4b621571aa77d
182,3996796,1499580402,0x8ae8ac3980d35c4c2875f171ebbce0adcf878da91eb7ad85b5ed08fe340a6eb6,264299,0xb3b30fc75cf769477ef69ab9c55813e98cba061fbe823287c3b8980a7f8c7967,102,0xb2930b35844a230f00e51431acae96fe543a0347,0xcd0a0175ce2267e37b7c622417b4b621571aa77d,302771630000000000,100000,20000000000,0,,0x,,3980968,21000,11978607,0x,,0.30277163,received,0xcd0a0175ce2267e37b7c622417b4b621571aa77d
183,3996850,1499581225,0xc8c6c43a2f90c6ab94820db673983c4fb521319f022d4eb8c4fc8afbfeb06071,91,0xfe0d7738e9d63fb6a1d3a93f94f0f55b4f0cd7c3556927dabbae6ad9c15e8d1c,1,0xcd0a0175ce2267e37b7c622417b4b621571aa77d,0xabbb6bebfa05aa13e908eaa492bd7a8343760477,299414530000000000,100000,100000000000,0,,0x0f2c9329000000000000000000000000167a9333bf582556f35bd4d16a7e80e191aa6476000000000000000000000000571b7b69829ce2568b9bc3d32eaf7405dab76b21,,67142,33571,11978553,0x0f2c9329,"split(address targetFork, address targetNoFork)",0.29941453,sent,0xcd0a0175ce2267e37b7c622417b4b621571aa77d
184,3999137,1499619376,0xe6984fe1223624607bea07fb958e6767baaabd5eaf90dfff6b47e1306d5ac226,265080,0xa9f28d5310b63adcd790109f909c96cccd15ed262e3895cb85b8a7027975e17c,30,0xb2930b35844a230f00e51431acae96fe543a0347,0xcd0a0175ce2267e37b7c622417b4b621571aa77d,300831570000000000,100000,20000000000,0,,0x,,1974926,21000,11976266,0x,,0.30083157,received,0xcd0a0175ce2267e37b7c622417b4b621571aa77d
185,3999189,1499620261,0x6da2bc6a1aad2d6d5d610dbbc105a64104e4683abcafe80eca133ebbf4e9fee1,92,0x62c1960eaf469a95dadc68318ee42f09b6c3da6488474be67a3d7d8753b2973c,0,0xcd0a0175ce2267e37b7c622417b4b621571aa77d,0xabbb6bebfa05aa13e908eaa492bd7a8343760477,297474470000000000,100000,100000000000,0,,0x0f2c9329000000000000000000000000167a9333bf582556f35bd4d16a7e80e191aa6476000000000000000000000000571b7b69829ce2568b9bc3d32eaf7405dab76b21,,33571,33571,11976214,0x0f2c9329,"split(address targetFork, address targetNoFork)",0.29747447,sent,0xcd0a0175ce2267e37b7c622417b4b621571aa77d
186,4001532,1499661461,0x97f36947f5ee2a53d8acaa0161e21623d639600c39c6d6b3acc48dee1913123d,265889,0xf1fc23ca5eb7f715eb43d6d448cce99c904611d0a22c636cc38e96e53f392193,19,0xb2930b35844a230f00e51431acae96fe543a0347,0xcd0a0175ce2267e37b7c622417b4b621571aa77d,300519730000000000,100000,20000000000,0,,0x,,620056,21000,11973871,0x,,0.30051973,received,0xcd0a0175ce2267e37b7c622417b4b621571aa77d
187,4001582,1499662399,0xdd899c81a9c085f2c8b3375df816eda4e620eb177b6da2e73d7e65239a906884,93,0x866c159d9d471ce010c67e0cacfd557eab16e994993d5d1e045934c0d5f169c1,4,0xcd0a0175ce2267e37b7c622417b4b621571aa77d,0xabbb6bebfa05aa13e908eaa492bd7a8343760477,297162630000000000,100000,100000000000,0,,0x0f2c9329000000000000000000000000167a9333bf582556f35bd4d16a7e80e191aa6476000000000000000000000000571b7b69829ce2568b9bc3d32eaf7405dab76b21,,155284,33571,11973821,0x0f2c9329,"split(address targetFork, address targetNoFork)",0.29716263,sent,0xcd0a0175ce2267e37b7c622417b4b621571aa77d
188,4003849,1499705010,0xb6d34f4e845951096a35a70aad0270e66d0f9c00673ed1e69940c3342a034a69,266771,0x2b5f89195c362d5288e3652ca95bc475f4219973f53b5444c7e656c4f52a1a7c,54,0xb2930b35844a230f00e51431acae96fe543a0347,0xcd0a0175ce2267e37b7c622417b4b621571aa77d,304652310000000000,100000,20000000000,0,,0x,,1506131,21000,11971554,0x,,0.30465231,received,0xcd0a0175ce2267e37b7c622417b4b621571aa77d
189,4003899,1499706172,0xf7e0833cef119a92d5e835f8b53c77ffee7807e99f1afc5a137151a4dca87961,94,0xd3f92cfcb64ec051443dda961c3f39eb3b4879549b232f9a30cdc1130ac534f0,6,0xcd0a0175ce2267e37b7c622417b4b621571aa77d,0xabbb6bebfa05aa13e908eaa492bd7a8343760477,301295210000000000,100000,100000000000,0,,0x0f2c9329000000000000000000000000167a9333bf582556f35bd4d16a7e80e191aa6476000000000000000000000000571b7b69829ce2568b9bc3d32eaf7405dab76b21,,707637,33571,11971504,0x0f2c9329,"split(address targetFork, address targetNoFork)",0.30129521,sent,0xcd0a0175ce2267e37b7c622417b4b621571aa77d
190,4005814,1499742701,0x5094ed8dbb65739dc62668131cf16e63e59443e561649303a271f9ce170f0c8b,267675,0xa359452c4b959cef64d2ebd0cf417c75bfaff4cd742526d0775dc2f2f8b78dfe,77,0xb2930b35844a230f00e51431acae96fe543a0347,0xcd0a0175ce2267e37b7c622417b4b621571aa77d,302559810000000000,100000,20000000000,0,,0x,,4250943,21000,11969589,0x,,0.30255981,received,0xcd0a0175ce2267e37b7c622417b4b621571aa77d
191,4005864,1499743616,0x880d5163551bc89a6f0f9b2b5a08a44297bbed8aa92bb8d0de33e4f2797f94e2,95,0x6579d5dcaf123b67165b63733a6d098bd8d96471edec4731079461b37836afde,1,0xcd0a0175ce2267e37b7c622417b4b621571aa77d,0xabbb6bebfa05aa13e908eaa492bd7a8343760477,299202710000000000,100000,100000000000,0,,0x0f2c9329000000000000000000000000167a9333bf582556f35bd4d16a7e80e191aa6476000000000000000000000000571b7b69829ce2568b9bc3d32eaf7405dab76b21,,67142,33571,11969539,0x0f2c9329,"split(address targetFork, address targetNoFork)",0.29920271,sent,0xcd0a0175ce2267e37b7c622417b4b621571aa77d
192,4007720,1499779473,0x97c31f4649b83c83288e2169cb3d943b6dda1224e7e8423b23577b0e7d67b535,268543,0x66bea52deb149e8acbaf8fa69492fd7966639593136e7b4ab777db55151f149f,53,0xb2930b35844a230f00e51431acae96fe543a0347,0xcd0a0175ce2267e37b7c622417b4b621571aa77d,302336760000000000,100000,20000000000,0,,0x,,2108010,21000,11967683,0x,,0.30233676,received,0xcd0a0175ce2267e37b7c622417b4b621571aa77d
193,4007784,1499780679,0xad12f2b8f327612c5edec483e41cac80c9fa09f5a2975347d494d7fbebaaeabc,96,0xf0af30440f69e43593b8addfe759616a2e9da2bafdacaf86d52619d26087b353,13,0xcd0a0175ce2267e37b7c622417b4b621571aa77d,0xabbb6bebfa05aa13e908eaa492bd7a8343760477,298979660000000000,100000,100000000000,0,,0x0f2c9329000000000000000000000000167a9333bf582556f35bd4d16a7e80e191aa6476000000000000000000000000571b7b69829ce2568b9bc3d32eaf7405dab76b21,,529217,33571,11967619,0x0f2c9329,"split(address targetFork, address targetNoFork)",0.29897966,sent,0xcd0a0175ce2267e37b7c622417b4b621571aa77d
194,4009891,1499820729,0xf379ac03fb5dd1c45b0cdf8a1a82f6e5be0d965f1772e479937c5310ce1c6f7c,269640,0x15579e9c3cc050d961efd024100c4d63f5a5be8269fa4f12521e3f71479f1799,81,0xb2930b35844a230f00e51431acae96fe543a0347,0xcd0a0175ce2267e37b7c622417b4b621571aa77d,301384720000000000,100000,20000000000,0,,0x,,5121828,21000,11965512,0x,,0.30138472,received,0xcd0a0175ce2267e37b7c622417b4b621571aa77d
195,4009942,1499821680,0x5d4607837e74635e675ee94eeba6e209ce22a8e7e1cd16192946963351ca0df6,97,0x4acaedd375dda1d6bbc5e836c781c516015b650f8438436e20d285d41abec3d7,3,0xcd0a0175ce2267e37b7c622417b4b621571aa77d,0xabbb6bebfa05aa13e908eaa492bd7a8343760477,298027620000000000,100000,100000000000,0,,0x0f2c9329000000000000000000000000167a9333bf582556f35bd4d16a7e80e191aa6476000000000000000000000000571b7b69829ce2568b9bc3d32eaf7405dab76b21,,121713,33571,11965461,0x0f2c9329,"split(address targetFork, address targetNoFork)",0.29802762,sent,0xcd0a0175ce2267e37b7c622417b4b621571aa77d
196,4011980,1499861487,0xc4c73eae6229ddf051d999b3740c2894805f158a3e8c11fda9269d48770df4f0,270911,0x37335d986dce69a0aa3d034c7c520de55d3e8f587628fb27e9f383afa2f7fc8b,38,0xb2930b35844a230f00e51431acae96fe543a0347,0xcd0a0175ce2267e37b7c622417b4b621571aa77d,303104250000000000,100000,20000000000,0,,0x,,2233512,21000,11963423,0x,,0.30310425,received,0xcd0a0175ce2267e37b7c622417b4b621571aa77d
197,4012035,1499862372,0x66c764bad0d4adc09bf7f43ba20c635d39432d8a6777e41803cd688ec0593457,98,0x0d9775c20fa02676672a95ba773dc27428d4c58e86962f5877bc456f63cd1841,3,0xcd0a0175ce2267e37b7c622417b4b621571aa77d,0xabbb6bebfa05aa13e908eaa492bd7a8343760477,299747150000000000,100000,100000000000,0,,0x0f2c9329000000000000000000000000167a9333bf582556f35bd4d16a7e80e191aa6476000000000000000000000000571b7b69829ce2568b9bc3d32eaf7405dab76b21,,134284,33571,11963368,0x0f2c9329,"split(address targetFork, address targetNoFork)",0.29974715,sent,0xcd0a0175ce2267e37b7c622417b4b621571aa77d
198,4013960,1499898690,0x2eb46de9f147fd24c5a67fa7235c7eeb5eb6a29ee29e84bd62b24874e3612470,272062,0x3b3cb2c85e5de5b714cec19ddbc10d842a96633dacc10e1ac2ca9670f6690009,28,0xb2930b35844a230f00e51431acae96fe543a0347,0xcd0a0175ce2267e37b7c622417b4b621571aa77d,300781280000000000,100000,20000000000,0,,0x,,3146018,21000,11961443,0x,,0.30078128,received,0xcd0a0175ce2267e37b7c622417b4b621571aa77d
199,4014010,1499899621,0x3c863e76323576bf302e41c0ac02f47de48d2af070b17bfe4291de3c4ad0ec27,99,0x03e4513256c22b537fb0254445114fd054a96c440f5c02050ec023ffcb136726,3,0xcd0a0175ce2267e37b7c622417b4b621571aa77d,0xabbb6bebfa05aa13e908eaa492bd7a8343760477,297424180000000000,100000,100000000000,0,,0x0f2c9329000000000000000000000000167a9333bf582556f35bd4d16a7e80e191aa6476000000000000000000000000571b7b69829ce2568b9bc3d32eaf7405dab76b21,,134284,33571,11961393,0x0f2c9329,"split(address targetFork, address targetNoFork)",0.29742418,sent,0xcd0a0175ce2267e37b7c622417b4b621571aa77d
200,4016021,1499937703,0x84030c8443b9ef7325372327a32f82bd3cf3444a8cc4a8f90bd34f23ace0fb95,273453,0x0dbebc44283dd41cc00eec61c11e96ead23623ab8a08f43379c2223cc5a8c079,39,0xb2930b35844a230f00e51431acae96fe543a0347,0xcd0a0175ce2267e37b7c622417b4b621571aa77d,301151320000000000,100000,20000000000,0,,0x,,1423074,21000,11959382,0x,,0.30115132,received,0xcd0a0175ce2267e37b7c622417b4b621571aa77d
201,4016075,1499938899,0x5240a610de4ba5185813733a57c72698dfee8bd13dbd5b04e0018b29783e0df0,100,0xeadec202601939f48d183b22ee527954c3361557685032e5e5947b707c530e55,2,0xcd0a0175ce2267e37b7c622417b4b621571aa77d,0xabbb6bebfa05aa13e908eaa492bd7a8343760477,297794220000000000,100000,100000000000,0,,0x0f2c9329000000000000000000000000167a9333bf582556f35bd4d16a7e80e191aa6476000000000000000000000000571b7b69829ce2568b9bc3d32eaf7405dab76b21,,100713,33571,11959328,0x0f2c9329,"split(address targetFork, address targetNoFork)",0.29779422,sent,0xcd0a0175ce2267e37b7c622417b4b621571aa77d
202,4018016,1499975479,0x02e640ef8203df1496a1e6822c3c1e818ffce946c60f3f34dadf3c199ba3b96b,274638,0x7c89e93d21e0aea0d005350f03f6f44079ee451ca8522bb24d37534d866b4a15,40,0xb2930b35844a230f00e51431acae96fe543a0347,0xcd0a0175ce2267e37b7c622417b4b621571aa77d,300674230000000000,100000,20000000000,0,,0x,,4452396,21000,11957387,0x,,0.30067423,received,0xcd0a0175ce2267e37b7c622417b4b621571aa77d
203,4018067,1499976306,0xdbc70f14dff0da0b41b5e17c6d9e91deecf5a7864f39b5cf44b5e5b00b09e8f8,101,0x0d8a34c859cd00f7b4f685d997f558fa11f5eec1d7460491d508138df2f7cbec,1,0xcd0a0175ce2267e37b7c622417b4b621571aa77d,0xabbb6bebfa05aa13e908eaa492bd7a8343760477,297317130000000000,100000,100000000000,0,,0x0f2c9329000000000000000000000000167a9333bf582556f35bd4d16a7e80e191aa6476000000000000000000000000571b7b69829ce2568b9bc3d32eaf7405dab76b21,,67142,33571,11957336,0x0f2c9329,"split(address targetFork, address targetNoFork)",0.29731713,sent,0xcd0a0175ce2267e37b7c622417b4b621571aa77d
204,4019944,1500013023,0x569eb0a5d2041e6accbcf07c9a35ac118c736187f7bfd6595b1098dc7e90f4d6,275895,0x0d89c2db6f176f2f6b71f2e949dba8ae3933aea57e3ca58708e17f97273ac90c,13,0xb2930b35844a230f00e51431acae96fe543a0347,0xcd0a0175ce2267e37b7c622417b4b621571aa77d,300872970000000000,100000,20000000000,0,,0x,,1191131,21000,11955459,0x,,0.30087297,received,0xcd0a0175ce2267e37b7c622417b4b621571aa77d
205,4020005,1500014302,0xe00fe523da072855b6cdfe49a98d22aff665acabb4e262252477dd9dc728b15d,102,0xd861f8fc4a79841fbcbef10c828fa2714b899087ce8baf5d2d16508b871edc5b,5,0xcd0a0175ce2267e37b7c622417b4b621571aa77d,0xabbb6bebfa05aa13e908eaa492bd7a8343760477,297515870000000000,100000,100000000000,0,,0x0f2c9329000000000000000000000000167a9333bf582556f35bd4d16a7e80e191aa6476000000000000000000000000571b7b69829ce2568b9bc3d32eaf7405dab76b21,,201426,33571,11955398,0x0f2c9329,"split(address targetFork, address targetNoFork)",0.29751587,sent,0xcd0a0175ce2267e37b7c622417b4b621571aa77d
206,4022111,1500054962,0x4517261ec0fadfdf05f4f131b396f3b07d0f3513385c784472952a940ad55950,277106,0x4c6c74e3799d4de028df5e6922d121bc703e9b7ba08d9dcd2b01339a733efef7,26,0xb2930b35844a230f00e51431acae96fe543a0347,0xcd0a0175ce2267e37b7c622417b4b621571aa77d,301815300000000000,100000,20000000000,0,,0x,,1447654,21000,11953292,0x,,0.3018153,received,0xcd0a0175ce2267e37b7c622417b4b621571aa77d
207,4022165,1500056067,0x4ff6f63c9877283f2ec413f9104edb10e0547daec76e189e3aa2c5956376fb0c,103,0x7984c8486f5eede323d42109fd44351da191e58368393df8abb8f6841b3b8262,1,0xcd0a0175ce2267e37b7c622417b4b621571aa77d,0xabbb6bebfa05aa13e908eaa492bd7a8343760477,298458200000000000,100000,100000000000,0,,0x0f2c9329000000000000000000000000167a9333bf582556f35bd4d16a7e80e191aa6476000000000000000000000000571b7b69829ce2568b9bc3d32eaf7405dab76b21,,77669,33571,11953238,0x0f2c9329,"split(address targetFork, address targetNoFork)",0.2984582,sent,0xcd0a0175ce2267e37b7c622417b4b621571aa77d
208,4024372,1500097911,0xa67211b232dda63d1a56300505f253563799d91a753128709097467fa47c95c5,278413,0xe7a113ead1685ab5f6625d23ebcff907b2f57bae998329c60bea5e998e915286,54,0xb2930b35844a230f00e51431acae96fe543a0347,0xcd0a0175ce2267e37b7c622417b4b621571aa77d,299838060000000000,100000,20000000000,0,,0x,,1530320,21000,11951031,0x,,0.29983806,received,0xcd0a0175ce2267e37b7c622417b4b621571aa77d
209,4024423,1500098886,0xf54a4c83019142174042521892c9f7f5b879e3c52787d3f0aeb7e3c9014c980d,104,0xdd1627183e57ca20cf411e914967f250f5ae6b5b92a15f8a6740bf2e697d452d,3,0xcd0a0175ce2267e37b7c622417b4b621571aa77d,0xabbb6bebfa05aa13e908eaa492bd7a8343760477,296480960000000000,100000,100000000000,0,,0x0f2c9329000000000000000000000000167a9333bf582556f35bd4d16a7e80e191aa6476000000000000000000000000571b7b69829ce2568b9bc3d32eaf7405dab76b21,,134284,33571,11950980,0x0f2c9329,"split(address targetFork, address targetNoFork)",0.29648096,sent,0xcd0a0175ce2267e37b7c622417b4b621571aa77d
210,4026422,1500136440,0x4c773cd63f3e483327c6ffe2be82e36b2cc5fa51e925c589dd794e0a27aafbc2,279702,0x5594728bfe0c8b30496ef2233ef683397b4be76205cdb9fedc73700dce56e654,12,0xb2930b35844a230f00e51431acae96fe543a0347,0xcd0a0175ce2267e37b7c622417b4b621571aa77d,302499800000000000,100000,20000000000,0,,0x,,434716,21000,11948981,0x,,0.3024998,received,0xcd0a0175ce2267e37b7c622417b4b621571aa77d
211,4026472,1500137791,0x2cc7684a9c636a364d22eddcabcadcc3285c6aa56970ab5734e795916710a35f,105,0x9d836093241f1adc921202c97a991e00572a999331d1fbd7fc257357329a4726,2,0xcd0a0175ce2267e37b7c622417b4b621571aa77d,0xabbb6bebfa05aa13e908eaa492bd7a8343760477,299142700000000000,100000,100000000000,0,,0x0f2c9329000000000000000000000000167a9333bf582556f35bd4d16a7e80e191aa6476000000000000000000000000571b7b69829ce2568b9bc3d32eaf7405dab76b21,,100713,33571,11948931,0x0f2c9329,"split(address targetFork, address targetNoFork)",0.2991427,sent,0xcd0a0175ce2267e37b7c622417b4b621571aa77d
212,4028355,1500172325,0x14f9fe3ee9b73fd1eb23736685cb3b6d906678dd8e497fbf0a2e76bc8c425209,280917,0x6b624d8ecc6c10d04420bb70d280e216836d25e52ad160574ce0fca12477b1b0,96,0xb2930b35844a230f00e51431acae96fe543a0347,0xcd0a0175ce2267e37b7c622417b4b621571aa77d,301390950000000000,100000,20000000000,0,,0x,,3171271,21000,11947048,0x,,0.30139095,received,0xcd0a0175ce2267e37b7c622417b4b621571aa77d
213,4028406,1500173376,0xbc95e7fd02c2dad383a2a46bd79a992d27776091cf9f4737fe4e554650bd60cc,106,0xb7fb8361c55a649d4ce4a84f1651f43e4814be46500cdc01fbe61a21d9abed3e,37,0xcd0a0175ce2267e37b7c622417b4b621571aa77d,0xabbb6bebfa05aa13e908eaa492bd7a8343760477,298033850000000000,100000,100000000000,0,,0x0f2c9329000000000000000000000000167a9333bf582556f35bd4d16a7e80e191aa6476000000000000000000000000571b7b69829ce2568b9bc3d32eaf7405dab76b21,,914121,33571,11946997,0x0f2c9329,"split(address targetFork, address targetNoFork)",0.29803385,sent,0xcd0a0175ce2267e37b7c622417b4b621571aa77d
214,4030472,1500212805,0x6167bef4860485bfb315cc97e0a301364921fa6b33fc7661ca052aef0991dd06,282224,0x71149294777ad7bf381d09e723c5f19ead67ec919b33a61161b52699f423b517,56,0xb2930b35844a230f00e51431acae96fe543a0347,0xcd0a0175ce2267e37b7c622417b4b621571aa77d,299850980000000000,100000,20000000000,0,,0x,,1748310,21000,11944931,0x,,0.29985098,received,0xcd0a0175ce2267e37b7c622417b4b621571aa77d
215,4030524,1500213655,0xeb8f8d30c2dab17fca2fc4ea9a21eb12d8ed9468f0841e7aadec65ad263b28a1,107,0x0937b83ce90fe23beef06d5f1ed115d7b99e504eb0dc6e7d12c08589b82218e2,100,0xcd0a0175ce2267e37b7c622417b4b621571aa77d,0xabbb6bebfa05aa13e908eaa492bd7a8343760477,296493880000000000,100000,100000000000,0,,0x0f2c9329000000000000000000000000167a9333bf582556f35bd4d16a7e80e191aa6476000000000000000000000000571b7b69829ce2568b9bc3d32eaf7405dab76b21,,2444378,33571,11944879,0x0f2c9329,"split(address targetFork, address targetNoFork)",0.29649388,sent,0xcd0a0175ce2267e37b7c622417b4b621571aa77d
216,4032779,1500256288,0x9f3e7abb14442019085e0f0629edf040ffbff42a3f600570a6f4d1ca3a4ef6a0,283494,0xb5730007706a21a7613de2fc6754acf588722ab012c0eb3d276a94b80f4343fd,37,0xb2930b35844a230f00e51431acae96fe543a0347,0xcd0a0175ce2267e37b7c622417b4b621571aa77d,300324280000000000,100000,20000000000,0,,0x,,1959692,21000,11942624,0x,,0.30032428,received,0xcd0a0175ce2267e37b7c622417b4b621571aa77d
217,4032829,1500256985,0x8f1801d857b58449ffc2ec2ff2a483f2dd3c0afe05c989a9dae85203d70d1958,108,0x9a382e74f49c40860738a4d2dd480033a0bb997ccfe615947496475e911633a1,9,0xcd0a0175ce2267e37b7c622417b4b621571aa77d,0xabbb6bebfa05aa13e908eaa492bd7a8343760477,296967180000000000,100000,100000000000,0,,0x0f2c9329000000000000000000000000167a9333bf582556f35bd4d16a7e80e191aa6476000000000000000000000000571b7b69829ce2568b9bc3d32eaf7405dab76b21,,323139,33571,11942574,0x0f2c9329,"split(address targetFork, address targetNoFork)",0.29696718,sent,0xcd0a0175ce2267e37b7c622417b4b621571aa77d
218,4034902,1500297698,0x05d2862489d75b881cb9c7a4d86a302b300b4bf8484b3cdd169baeb001d256f5,284788,0x9e62b8115eee75a35ee05b68febdf526e12cb6ff9d9f49a2c6f987b0adbe2c8d,40,0xb2930b35844a230f00e51431acae96fe543a0347,0xcd0a0175ce2267e37b7c622417b4b621571aa77d,300479190000000000,100000,20000000000,0,,0x,,1507965,21000,11940501,0x,,0.30047919,received,0xcd0a0175ce2267e37b7c622417b4b621571aa77d
219,4034955,1500298769,0xb1a706f5db4a884cd0e0e806cb39f9a9358f083eaa5898c5d374ceb848fc99fe,109,0xa879366add845480a53813371f1d10bc2af0c894822f437e15829cf01d34f2c7,47,0xcd0a0175ce2267e37b7c622417b4b621571aa77d,0xabbb6bebfa05aa13e908eaa492bd7a8343760477,297122090000000000,100000,100000000000,0,,0x0f2c9329000000000000000000000000167a9333bf582556f35bd4d16a7e80e191aa6476000000000000000000000000571b7b69829ce2568b9bc3d32eaf7405dab76b21,,1163439,33571,11940448,0x0f2c9329,"split(address targetFork, address targetNoFork)",0.29712209,sent,0xcd0a0175ce2267e37b7c622417b4b621571aa77d
220,4036986,1500337375,0xc2f08066544c139cded527bc163a58f7303935a3e004013439408f718cc98b99,285926,0xbff1570206300b2fc4905813fb31b7383183892b1aeaaed9b25dc2ef981bc032,13,0xb2930b35844a230f00e51431acae96fe543a0347,0xcd0a0175ce2267e37b7c622417b4b621571aa77d,302875410000000000,100000,20000000000,0,,0x,,361872,21000,11938417,0x,,0.30287541,received,0xcd0a0175ce2267e37b7c622417b4b621571aa77d
221,4037038,1500338362,0xd8aa99f23cc819f3aba4b531b94d45a1b8816fb083d4dff4506820f3af25dbb0,110,0x1bbaae493531041eaf7d605461516fdef47c13704474ba2d48d17c9115696181,73,0xcd0a0175ce2267e37b7c622417b4b621571aa77d,0xabbb6bebfa05aa13e908eaa492bd7a8343760477,299518310000000000,100000,100000000000,0,,0x0f2c9329000000000000000000000000167a9333bf582556f35bd4d16a7e80e191aa6476000000000000000000000000571b7b69829ce2568b9bc3d32eaf7405dab76b21,,1839579,33571,11938365,0x0f2c9329,"split(address targetFork, address targetNoFork)",0.29951831,sent,0xcd0a0175ce2267e37b7c622417b4b621571aa77d
222,4038919,1500374527,0x7ea1e788784a2ecae6504dfb073e1daf9304651c82d0884661c3857c1c0a7267,287273,0xdfd8cf42eb969c7ecd3f0a145ac0180c5f53774c2bec071cb3458a46840afe6f,124,0xb2930b35844a230f00e51431acae96fe543a0347,0xcd0a0175ce2267e37b7c622417b4b621571aa77d,299531420000000000,100000,20000000000,0,,0x,,5811112,21000,11936484,0x,,0.29953142,received,0xcd0a0175ce2267e37b7c622417b4b621571aa77d
223,4038975,1500375574,0x3ce14137821583cd0247212103310be87f3a2dcd479aa8129cdd7578aaae863b,111,0x118a973832549eb9bb4b41b9321a42dbd972b46fac5b3b4ae675444583fb3715,6,0xcd0a0175ce2267e37b7c622417b4b621571aa77d,0xabbb6bebfa05aa13e908eaa492bd7a8343760477,296174320000000000,100000,100000000000,0,,0x0f2c9329000000000000000000000000167a9333bf582556f35bd4d16a7e80e191aa6476000000000000000000000000571b7b69829ce2568b9bc3d32eaf7405dab76b21,,234997,33571,11936428,0x0f2c9329,"split(address targetFork, address targetNoFork)",0.29617432,sent,0xcd0a0175ce2267e37b7c622417b4b621571aa77d
224,4040968,1500412653,0xf4de5c029ca0407e9745f87e6e7b0b9893b0bbfc5a9f703a37b25eb47aa80403,288588,0x64cf7539a7def8f66a2f3d865b441aeaf9998fef9b65a0b3235e3ca7187a930c,6,0xb2930b35844a230f00e51431acae96fe543a0347,0xcd0a0175ce2267e37b7c622417b4b621571aa77d,300134170000000000,100000,20000000000,0,,0x,,758941,21000,11934435,0x,,0.30013417,received,0xcd0a0175ce2267e37b7c622417b4b621571aa77d
225,4041026,1500413835,0xd2af1e3e01fb4c34706670ea94b37f4d0023de5e2a0637305a442617f3fa0cfc,112,0x0ab13f279547d5aeb959ce33acedc40f22ac760a75b2cffd36db04f66edf9705,10,0xcd0a0175ce2267e37b7c622417b4b621571aa77d,0xabbb6bebfa05aa13e908eaa492bd7a8343760477,296777070000000000,100000,100000000000,0,,0x0f2c9329000000000000000000000000167a9333bf582556f35bd4d16a7e80e191aa6476000000000000000000000000571b7b69829ce2568b9bc3d32eaf7405dab76b21,,369281,33571,11934377,0x0f2c9329,"split(address targetFork, address targetNoFork)",0.29677707,sent,0xcd0a0175ce2267e37b7c622417b4b621571aa77d
226,4043110,1500453577,0x26c43a0155f73a2726c083fa6b659aa033f442ff25643a91b199ccd67bbff759,290106,0xffac6c59e0f5998a78b58a41718e3a8f87d0035f4e93fee0240b0bc130debb24,41,0xb2930b35844a230f00e51431acae96fe543a0347,0xcd0a0175ce2267e37b7c622417b4b621571aa77d,300569060000000000,100000,20000000000,0,,0x,,1314426,21000,11932293,0x,,0.30056906,received,0xcd0a0175ce2267e37b7c622417b4b621571aa77d
227,4043168,1500454939,0xaad13cb10a6e9ce23d8e57bbd889d9c49cdebc4b3ca43848ed7db71313f704ff,113,0xe7636ad8db7dd6e4e885627372050d2712b8a49de2f22c01594a812d602d6a9f,4,0xcd0a0175ce2267e37b7c622417b4b621571aa77d,0xabbb6bebfa05aa13e908eaa492bd7a8343760477,297211960000000000,100000,100000000000,0,,0x0f2c9329000000000000000000000000167a9333bf582556f35bd4d16a7e80e191aa6476000000000000000000000000571b7b69829ce2568b9bc3d32eaf7405dab76b21,,167855,33571,11932235,0x0f2c9329,"split(address targetFork, address targetNoFork)",0.29721196,sent,0xcd0a0175ce2267e37b7c622417b4b621571aa77d
228,4045098,1500490312,0x52ea75c18a10dcb0af0ab1f35c15c9f01e9613a1366e4dac1d69ef2ba4c984e5,291516,0xcb57383107445f7955d76469538da94e59baeb79d3eb6d9a4a7c6eae41eb741b,39,0xb2930b35844a230f00e51431acae96fe543a0347,0xcd0a0175ce2267e37b7c622417b4b621571aa77d,303036030000000000,100000,20000000000,0,,0x,,980666,21000,11930305,0x,,0.30303603,received,0xcd0a0175ce2267e37b7c622417b4b621571aa77d
229,4045155,1500491535,0x98402be5e8449dcbb94858bb6e3b41cc8496c0e412bcb884a3e3fbb2f2166859,114,0x2da1fe6a55a6a7f4a1a5043a9bdfccc0775f276bf4633f97c48a6262cca38e04,1,0xcd0a0175ce2267e37b7c622417b4b621571aa77d,0xabbb6bebfa05aa13e908eaa492bd7a8343760477,299678930000000000,100000,100000000000,0,,0x0f2c9329000000000000000000000000167a9333bf582556f35bd4d16a7e80e191aa6476000000000000000000000000571b7b69829ce2568b9bc3d32eaf7405dab76b21,,67142,33571,11930248,0x0f2c9329,"split(address targetFork, address targetNoFork)",0.29967893,sent,0xcd0a0175ce2267e37b7c622417b4b621571aa77d
230,4047464,1500534753,0x568be01e80f0d3f7b0f616d77668f9aa2f0988daf74520b6051e718e66bc3123,293042,0x94e6f424fe55935f123542f76b031cf17b26f1b5b0d063b59c8153a29a6a548b,58,0xb2930b35844a230f00e51431acae96fe543a0347,0xcd0a0175ce2267e37b7c622417b4b621571aa77d,301393670000000000,100000,20000000000,0,,0x,,2486692,21000,11927939,0x,,0.30139367,received,0xcd0a0175ce2267e37b7c622417b4b621571aa77d
231,4047526,1500536326,0x4fec8a585ce27448d6f45a44209f296ff302ecfe02f175553539117bf666a70b,115,0x525d15f07b234ee2630292b54276770e9c20b038dceeee863b8a5ae842acf896,0,0xcd0a0175ce2267e37b7c622417b4b621571aa77d,0xabbb6bebfa05aa13e908eaa492bd7a8343760477,298036570000000000,100000,100000000000,0,,0x0f2c9329000000000000000000000000167a9333bf582556f35bd4d16a7e80e191aa6476000000000000000000000000571b7b69829ce2568b9bc3d32eaf7405dab76b21,,33571,33571,11927877,0x0f2c9329,"split(address targetFork, address targetNoFork)",0.29803657,sent,0xcd0a0175ce2267e37b7c622417b4b621571aa77d
232,4049911,1500580916,0x1e1cda513c4ad66c5e097031aa855847de6e1a59de5fa55f7c056425a2eee0c9,294589,0x3e1bd2702ec780d6db3bd7e6c25ee855b73fdfdc367d6eb8974465a16cf6be7d,50,0xb2930b35844a230f00e51431acae96fe543a0347,0xcd0a0175ce2267e37b7c622417b4b621571aa77d,301303810000000000,100000,20000000000,0,,0x,,1347872,21000,11925492,0x,,0.30130381,received,0xcd0a0175ce2267e37b7c622417b4b621571aa77d
233,4049966,1500582011,0xfdfbd490b7f05330a85d09e7311b757ca1862231928c5725ec2b76a87aa32ac6,116,0x59bfb8d5349ce96663fdf7b0569a92d3c9a3588c21ea158f8eb8e7d8cfa84bff,14,0xcd0a0175ce2267e37b7c622417b4b621571aa77d,0xabbb6bebfa05aa13e908eaa492bd7a8343760477,297946710000000000,100000,100000000000,0,,0x0f2c9329000000000000000000000000167a9333bf582556f35bd4d16a7e80e191aa6476000000000000000000000000571b7b69829ce2568b9bc3d32eaf7405dab76b21,,503565,33571,11925437,0x0f2c9329,"split(address targetFork, address targetNoFork)",0.29794671,sent,0xcd0a0175ce2267e37b7c622417b4b621571aa77d
234,4052180,1500623199,0xda893f32d52cce576cf366f861232784e9923c0a56435473cac5612b2a2860f5,296112,0xb7c40144638bb6cfb38c3d502c13d934517b5c30c6296673e16cd0387e05592f,82,0xb2930b35844a230f00e51431acae96fe543a0347,0xcd0a0175ce2267e37b7c622417b4b621571aa77d,299672750000000000,100000,20000000000,0,,0x,,3556567,21000,11923223,0x,,0.29967275,received,0xcd0a0175ce2267e37b7c622417b4b621571aa77d
235,4052232,1500624210,0x9c0ca4afa8a12f8e3033550d4472b89b7f5cfaf74835c94937a1b4056ca2f93b,117,0xf0e33ca6e7bab714546200c6a4260d26d3c57c480952360a02dbb92062ae0bae,16,0xcd0a0175ce2267e37b7c622417b4b621571aa77d,0xabbb6bebfa05aa13e908eaa492bd7a8343760477,296315650000000000,100000,100000000000,0,,0x0f2c9329000000000000000000000000167a9333bf582556f35bd4d16a7e80e191aa6476000000000000000000000000571b7b69829ce2568b9bc3d32eaf7405dab76b21,,608927,33571,11923171,0x0f2c9329,"split(address targetFork, address targetNoFork)",0.29631565,sent,0xcd0a0175ce2267e37b7c622417b4b621571aa77d
236,4054712,1500669981,0xa32ab1027f235e95f2464f4424b89d9fd9ac3116968fc07d5fe2cce59bd47df0,297609,0xf2942b95dc3be75026590e23315467de30de5c3b051fdd442261f4822df9ed2a,41,0xb2930b35844a230f00e51431acae96fe543a0347,0xcd0a0175ce2267e37b7c622417b4b621571aa77d,300133620000000000,100000,20000000000,0,,0x,,2493770,21000,11920691,0x,,0.30013362,received,0xcd0a0175ce2267e37b7c622417b4b621571aa77d
237,4054769,1500671200,0x1daadb7d554c0bd949ba7933dd79b390979e64a105eb49e1d16b2b8393fc63c9,118,0xc41f9de9b2c61e1684bf87ea996cd996291da5d33a0f823316eb60d675172c5e,0,0xcd0a0175ce2267e37b7c622417b4b621571aa77d,0xabbb6bebfa05aa13e908eaa492bd7a8343760477,296776520000000000,100000,100000000000,0,,0x0f2c9329000000000000000000000000167a9333bf582556f35bd4d16a7e80e191aa6476000000000000000000000000571b7b69829ce2568b9bc3d32eaf7405dab76b21,,33571,33571,11920634,0x0f2c9329,"split(address targetFork, address targetNoFork)",0.29677652,sent,0xcd0a0175ce2267e37b7c622417b4b621571aa77d
238,4056960,1500713907,0xd4ba9dcfdf8792a034ae9a4c44268bf1f468253688f4b4b0211dacdae3a9bc48,299273,0x801efebf2a6deb083c7b40c9331961765b672d07cd5aa61d081bc5e8beb2533e,116,0xb2930b35844a230f00e51431acae96fe543a0347,0xcd0a0175ce2267e37b7c622417b4b621571aa77d,300521670000000000,100000,20000000000,0,,0x,,4298705,21000,11918443,0x,,0.30052167,received,0xcd0a0175ce2267e37b7c622417b4b621571aa77d
239,4057012,1500714742,0x56ffb821f949d40c4ecc3860bf8f7c80f914507cc2ebda7499d2d2f4d5a26bd3,119,0xa353654ace996cda1fa17354f8f11ec74ad5836402cbe9d1c9e47c7a319ecca5,3,0xcd0a0175ce2267e37b7c622417b4b621571aa77d,0xabbb6bebfa05aa13e908eaa492bd7a8343760477,297164570000000000,100000,100000000000,0,,0x0f2c9329000000000000000000000000167a9333bf582556f35bd4d16a7e80e191aa6476000000000000000000000000571b7b69829ce2568b9bc3d32eaf7405dab76b21,,134284,33571,11918391,0x0f2c9329,"split(address targetFork, address targetNoFork)",0.29716457,sent,0xcd0a0175ce2267e37b7c622417b4b621571aa77d
240,4059581,1500761795,0x304de024d9f07362d5b0784e8a5ad7b7e06cb74818ead0612cf05db616511a5e,301070,0x0498a7ff780c4f8e52dec2a340538f732a663f67b36cac31c007241c4c0e018e,22,0xb2930b35844a230f00e51431acae96fe543a0347,0xcd0a0175ce2267e37b7c622417b4b621571aa77d,299650630000000000,100000,20000000000,0,,0x,,6636198,21000,11915822,0x,,0.29965063,received,0xcd0a0175ce2267e37b7c622417b4b621571aa77d
241,4059637,1500762877,0xc3822aee569c63b6094213bb397652b76cd84b69db247c047b630d3a724171cf,120,0xb6773165a854a3c0f333de4c5fcc0594332d109ddef84249d12976ca2a3dfb4d,82,0xcd0a0175ce2267e37b7c622417b4b621571aa77d,0xabbb6bebfa05aa13e908eaa492bd7a8343760477,296293530000000000,100000,100000000000,0,,0x0f2c9329000000000000000000000000167a9333bf582556f35bd4d16a7e80e191aa6476000000000000000000000000571b7b69829ce2568b9bc3d32eaf7405dab76b21,,2107915,33571,11915766,0x0f2c9329,"split(address targetFork, address targetNoFork)",0.29629353,sent,0xcd0a0175ce2267e37b7c622417b4b621571aa77d
242,4061993,1500807433,0x590901f9dd05d9167b8518f469deb7017b370126e794327ed690f6cc4902173e,302899,0x1ba7eeaae60d1db97d3691a000ca56e7be4a43e7d23871253ccab30aee3711d7,42,0xb2930b35844a230f00e51431acae96fe543a0347,0xcd0a0175ce2267e37b7c622417b4b621571aa77d,299604910000000000,100000,20000000000,0,,0x,,2841567,21000,11913410,0x,,0.29960491,received,0xcd0a0175ce2267e37b7c622417b4b621571aa77d
243,4062043,1500808440,0xa0ab697b6f468d6ec46ba40f7efa0d3d84d15e6f4f296af6938503b481cb02b1,121,0x0181cc862528ca438f2cbb77672ff1a9f556765212efa4b0bda900600269a396,5,0xcd0a0175ce2267e37b7c622417b4b621571aa77d,0xabbb6bebfa05aa13e908eaa492bd7a8343760477,296247810000000000,100000,100000000000,0,,0x0f2c9329000000000000000000000000167a9333bf582556f35bd4d16a7e80e191aa6476000000000000000000000000571b7b69829ce2568b9bc3d32eaf7405dab76b21,,188855,33571,11913360,0x0f2c9329,"split(address targetFork, address targetNoFork)",0.29624781,sent,0xcd0a0175ce2267e37b7c622417b4b621571aa77d
244,4064380,1500850865,0xe6998b4d8f10e9d34a630bfbf447361b0452e85b0682b8b02669f93f8dbdef77,304603,0xd912a0b0c1e98d16e9a6a502a251a5e2bcd15bfef9f9083e4e90ceb65935710d,17,0xb2930b35844a230f00e51431acae96fe543a0347,0xcd0a0175ce2267e37b7c622417b4b621571aa77d,299612860000000000,100000,20000000000,0,,0x,,2254332,21000,11911023,0x,,0.29961286,received,0xcd0a0175ce2267e37b7c622417b4b621571aa77d
245,4064442,1500852025,0x946a909c132ecac29adae260a76ec01634d840ccbf5cf60358612cce002e3f97,122,0x8018ac30fb9db069f2d65e5d2df1ebac3396ae499021d0c6e78d12022d941f2c,0,0xcd0a0175ce2267e37b7c622417b4b621571aa77d,0xabbb6bebfa05aa13e908eaa492bd7a8343760477,296255760000000000,100000,100000000000,0,,0x0f2c9329000000000000000000000000167a9333bf582556f35bd4d16a7e80e191aa6476000000000000000000000000571b7b69829ce2568b9bc3d32eaf7405dab76b21,,33571,33571,11910961,0x0f2c9329,"split(address targetFork, address targetNoFork)",0.29625576,sent,0xcd0a0175ce2267e37b7c622417b4b621571aa77d
246,4067002,1500900665,0xee613adcc09c56405a46611707d4add3e05fabfe8f2ff10b2f2b68b9299a21db,306541,0x0705f32495ca4489527fd65789d8e7a6dff71973adb14643f8e3bf97680c6dce,35,0xb2930b35844a230f00e51431acae96fe543a0347,0xcd0a0175ce2267e37b7c622417b4b621571aa77d,301658880000000000,100000,20000000000,0,,0x,,1790151,21000,11908401,0x,,0.30165888,received,0xcd0a0175ce2267e37b7c622417b4b621571aa77d
247,4067063,1500901764,0xa21f7154d4caa26e5baf67384d0b7bc14c38b1939badc1104b7c86a8adeeee6d,123,0x67b8efd5777b59acdfffe557383bc8af82be16927354bff5ad6ec1e875516157,7,0xcd0a0175ce2267e37b7c622417b4b621571aa77d,0xabbb6bebfa05aa13e908eaa492bd7a8343760477,298301780000000000,100000,100000000000,0,,0x0f2c9329000000000000000000000000167a9333bf582556f35bd4d16a7e80e191aa6476000000000000000000000000571b7b69829ce2568b9bc3d32eaf7405dab76b21,,268568,33571,11908340,0x0f2c9329,"split(address targetFork, address targetNoFork)",0.29830178,sent,0xcd0a0175ce2267e37b7c622417b4b621571aa77d
248,4069468,1500946004,0x1fbe3cd491f4e7b08a203ee8bc99837dd4530770ed3352b3c3a432c51d73135f,308297,0xc9c8e5ccba27b392fcbe521ea32500030029ad69a07251745a4953ed5b339994,47,0xb2930b35844a230f00e51431acae96fe543a0347,0xcd0a0175ce2267e37b7c622417b4b621571aa77d,301456840000000000,100000,20000000000,0,,0x,,2480777,21000,11905935,0x,,0.30145684,received,0xcd0a0175ce2267e37b7c622417b4b621571aa77d
249,4069519,1500946987,0x73ec22215573304013fb4a800b4e58de52518959428e03394acb442f767871b6,124,0x0e84e23b2061f794c6d3a0986c2d21ec9f9b348427c42b8d368a7b92e1f58e6b,2,0xcd0a0175ce2267e37b7c622417b4b621571aa77d,0xabbb6bebfa05aa13e908eaa492bd7a8343760477,298099740000000000,100000,100000000000,0,,0x0f2c9329000000000000000000000000167a9333bf582556f35bd4d16a7e80e191aa6476000000000000000000000000571b7b69829ce2568b9bc3d32eaf7405dab76b21,,100713,33571,11905884,0x0f2c9329,"split(address targetFork, address targetNoFork)",0.29809974,sent,0xcd0a0175ce2267e37b7c622417b4b621571aa77d
250,4071736,1500988276,0x94d89ea9b47466c9e531518c5e8363558a5d6dd18226e82b415d381d12935b11,310083,0x5fb0eb4e9dfb54f3f130c8611d2795cbf00b06295c51b99d9d670f3dad5b4e92,12,0xb2930b35844a230f00e51431acae96fe543a0347,0xcd0a0175ce2267e37b7c622417b4b621571aa77d,303464210000000000,100000,20000000000,0,,0x,,473443,21000,11903667,0x,,0.30346421,received,0xcd0a0175ce2267e37b7c622417b4b621571aa77d
251,4071794,1500989466,0x78a137fcb1fecce0538c9c86646372f7733c14b33e2f7997af10f2623a71c6e6,125,0xe88c67ace7bdf2eddcf8147b050762ab2a2bef8a15c702d8750232a546edea29,13,0xcd0a0175ce2267e37b7c622417b4b621571aa77d,0xabbb6bebfa05aa13e908eaa492bd7a8343760477,300107110000000000,100000,100000000000,0,,0x0f2c9329000000000000000000000000167a9333bf582556f35bd4d16a7e80e191aa6476000000000000000000000000571b7b69829ce2568b9bc3d32eaf7405dab76b21,,469994,33571,11903609,0x0f2c9329,"split(address targetFork, address targetNoFork)",0.30010711,sent,0xcd0a0175ce2267e37b7c622417b4b621571aa77d
252,4074099,1501031823,0x2fb8fa9b1842fb3d0ceeb5c9639df6755f6a391e9acb92e2d0bd35c9c5fbae25,311883,0xbb0101b06335dac5b655b0cd439075a1e78b1fcff29f2a5fdd7645ff8f3c0bd6,72,0xb2930b35844a230f00e51431acae96fe543a0347,0xcd0a0175ce2267e37b7c622417b4b621571aa77d,302994740000000000,100000,20000000000,0,,0x,,4423518,21000,11901304,0x,,0.30299474,received,0xcd0a0175ce2267e37b7c622417b4b621571aa77d
253,4074152,1501032758,0x48fc63fd6303ddbcd52a127373b47a43e38032817635edb95a69790d35b5d76b,126,0xd72036598fe8f7c682f852617237f91ddbb281259f008c9ac40bbf8c367d32a9,26,0xcd0a0175ce2267e37b7c622417b4b621571aa77d,0xabbb6bebfa05aa13e908eaa492bd7a8343760477,299637640000000000,100000,100000000000,0,,0x0f2c9329000000000000000000000000167a9333bf582556f35bd4d16a7e80e191aa6476000000000000000000000000571b7b69829ce2568b9bc3d32eaf7405dab76b21,,658513,33571,11901251,0x0f2c9329,"split(address targetFork, address targetNoFork)",0.29963764,sent,0xcd0a0175ce2267e37b7c622417b4b621571aa77d
254,4076845,1501083389,0x777bbe29c99cefc253cb2a414439d05052a7f91656d759d6ccb69c1176f290a2,313754,0xef758afddc809e9d9d3196485acaafbecb47ed1d340f922933540ae0073ac757,34,0xb2930b35844a230f00e51431acae96fe543a0347,0xcd0a0175ce2267e37b7c622417b4b621571aa77d,300222200000000000,100000,20000000000,0,,0x,,1456343,21000,11898558,0x,,0.3002222,received,0xcd0a0175ce2267e37b7c622417b4b621571aa77d
255,4076908,1501084533,0x3d3d87d776ae7d44411eb1261b256d811c72c79c3551e8d2ce3f2333c3227a46,127,0x90e83521809b8cdc65671cbf58e80d4b7adf33a5dbd43867510c40ec8947a231,3,0xcd0a0175ce2267e37b7c622417b4b621571aa77d,0xabbb6bebfa05aa13e908eaa492bd7a8343760477,296865100000000000,100000,100000000000,0,,0x0f2c9329000000000000000000000000167a9333bf582556f35bd4d16a7e80e191aa6476000000000000000000000000571b7b69829ce2568b9bc3d32eaf7405dab76b21,,134284,33571,11898495,0x0f2c9329,"split(address targetFork, address targetNoFork)",0.2968651,sent,0xcd0a0175ce2267e37b7c622417b4b621571aa77d
256,4079232,1501128101,0xf6d4188793de2179896023a1ae3347b15cb9af0bc1eac6b9ea560da99d1b2d1d,315504,0x137d469b52c787cff7c70f6229837dd13c6b34467e9c1e8492303114879ee2ed,43,0xb2930b35844a230f00e51431acae96fe543a0347,0xcd0a0175ce2267e37b7c622417b4b621571aa77d,304042040000000000,100000,20000000000,0,,0x,,1261523,21000,11896171,0x,,0.30404204,received,0xcd0a0175ce2267e37b7c622417b4b621571aa77d
257,4079287,1501129024,0xea09b919a5662fef60fca29702536bcf1d85bb66af59bb0de454c5d015967f16,128,0xbe3a1826ad48f490cde104aec29386e527f55e2782fa5c183880baeaabf10720,114,0xcd0a0175ce2267e37b7c622417b4b621571aa77d,0xabbb6bebfa05aa13e908eaa492bd7a8343760477,300684940000000000,100000,100000000000,0,,0x0f2c9329000000000000000000000000167a9333bf582556f35bd4d16a7e80e191aa6476000000000000000000000000571b7b69829ce2568b9bc3d32eaf7405dab76b21,,2921040,33571,11896116,0x0f2c9329,"split(address targetFork, address targetNoFork)",0.30068494,sent,0xcd0a0175ce2267e37b7c622417b4b621571aa77d
258,4081556,1501170394,0xc09a7575ffbd3205866469ff2aa3f9b10da1959de715bbfb8eed955556110ce5,317260,0x10d5712987a7535377c884636e43b6c6d5dba13fad3312685eb6625e47d79beb,63,0xb2930b35844a230f00e51431acae96fe543a0347,0xcd0a0175ce2267e37b7c622417b4b621571aa77d,300113790000000000,100000,20000000000,0,,0x,,1943860,21000,11893847,0x,,0.30011379,received,0xcd0a0175ce2267e37b7c622417b4b621571aa77d
259,4081609,1501171381,0x77058a152c7d2d6f5bba1002a46f6ddb49a5c371738ae3cd0cf93298fed0b2a1,129,0xd3a0c4c355fc2a2ba930f61401db6148b5b660ad6e8bb5cb4fa4b0c0cbd6e606,5,0xcd0a0175ce2267e37b7c622417b4b621571aa77d,0xabbb6bebfa05aa13e908eaa492bd7a8343760477,296756690000000000,100000,100000000000,0,,0x0f2c9329000000000000000000000000167a9333bf582556f35bd4d16a7e80e191aa6476000000000000000000000000571b7b69829ce2568b9bc3d32eaf7405dab76b21,,201426,33571,11893794,0x0f2c9329,"split(address targetFork, address targetNoFork)",0.29675669,sent,0xcd0a0175ce2267e37b7c622417b4b621571aa77d
260,4084030,1501217190,0x2d6c5f7231eeb4859c80c045c4e04abb157352471a0088d82db2b3f41838a29b,318805,0x23bb8c63b79ada419f1125f947d34db48305284a1d27295b126513a2202aadcf,34,0xb2930b35844a230f00e51431acae96fe543a0347,0xcd0a0175ce2267e37b7c622417b4b621571aa77d,300379650000000000,100000,20000000000,0,,0x,,1326712,21000,11891373,0x,,0.30037965,received,0xcd0a0175ce2267e37b7c622417b4b621571aa77d
261,4084087,1501218222,0x30d23af07295cc52cdb7415205bf407cdd83203d956721a9f669cfb73be4d9f4,130,0x3667467fb0602798e077012a3a0ad26e1aab14205a3d40d8c8d5023dc9813ec6,12,0xcd0a0175ce2267e37b7c622417b4b621571aa77d,0xabbb6bebfa05aa13e908eaa492bd7a8343760477,297022550000000000,100000,100000000000,0,,0x0f2c9329000000000000000000000000167a9333bf582556f35bd4d16a7e80e191aa6476000000000000000000000000571b7b69829ce2568b9bc3d32eaf7405dab76b21,,436423,33571,11891316,0x0f2c9329,"split(address targetFork, address targetNoFork)",0.29702255,sent,0xcd0a0175ce2267e37b7c622417b4b621571aa77d
262,4086531,1501263713,0x4a78f12ad334fe958c7a3d6c7d97e3f4fbd36127a44de6d29f5f58b1a9d23038,320762,0xa0f73820ccbfb221c2e6a8bbce8b517dd9509d2aefd4e0789d8a3a6e5ec35753,94,0xb2930b35844a230f00e51431acae96fe543a0347,0xcd0a0175ce2267e37b7c622417b4b621571aa77d,301850190000000000,100000,20000000000,0,,0x,,5853036,21000,11888872,0x,,0.30185019,received,0xcd0a0175ce2267e37b7c622417b4b621571aa77d
263,4086586,1501264631,0x21a1e9f64e5aaaef7752d936296ddf35f3c28aaf1c88bd75eba0c645814fc5c3,131,0x1eb056398b82b6174726974541f1166ea90cd2cccfd407fb9cf3d1c3acdde57e,6,0xcd0a0175ce2267e37b7c622417b4b621571aa77d,0xabbb6bebfa05aa13e908eaa492bd7a8343760477,298493090000000000,100000,100000000000,0,,0x0f2c9329000000000000000000000000167a9333bf582556f35bd4d16a7e80e191aa6476000000000000000000000000571b7b69829ce2568b9bc3d32eaf7405dab76b21,,234997,33571,11888817,0x0f2c9329,"split(address targetFork, address targetNoFork)",0.29849309,sent,0xcd0a0175ce2267e37b7c622417b4b621571aa77d
264,4088892,1501307023,0xb61de1f2401efd906d95fb55953b7152429975643fad295d34ac9a4fd966cdbd,322455,0xc9bc21920316aa02478d386524e19b0d8bcae71d0d96a1f71a49a40636850561,71,0xb2930b35844a230f00e51431acae96fe543a0347,0xcd0a0175ce2267e37b7c622417b4b621571aa77d,305473830000000000,100000,20000000000,0,,0x,,4591553,21000,11886511,0x,,0.30547383,received,0xcd0a0175ce2267e37b7c622417b4b621571aa77d
265,4088946,1501307933,0xbe82d92ca05675188112a9d19f5b49e2cc2f0adb61e574d7d2c5151b4734f7c0,132,0x0effd1d3d515fbf04ce6e854050f87cb68d7dfea713f41fbe3c4bd91a585d2af,4,0xcd0a0175ce2267e37b7c622417b4b621571aa77d,0xabbb6bebfa05aa13e908eaa492bd7a8343760477,302116730000000000,100000,100000000000,0,,0x0f2c9329000000000000000000000000167a9333bf582556f35bd4d16a7e80e191aa6476000000000000000000000000571b7b69829ce2568b9bc3d32eaf7405dab76b21,,167855,33571,11886457,0x0f2c9329,"split(address targetFork, address targetNoFork)",0.30211673,sent,0xcd0a0175ce2267e37b7c622417b4b621571aa77d
266,4091772,1501360488,0x8c7d9ffc5f663ca588664769ef780c763382ad0adc19ff17965187bbc7e89ec9,324495,0x864631b955ccafab1fbb178f4a0039cceceeb58a070a4cb1efc338a48c7eb64b,65,0xb2930b35844a230f00e51431acae96fe543a0347,0xcd0a0175ce2267e37b7c622417b4b621571aa77d,303104340000000000,100000,20000000000,0,,0x,,5906870,21000,11883631,0x,,0.30310434,received,0xcd0a0175ce2267e37b7c622417b4b621571aa77d
267,4091823,1501361484,0x56d227b3dff4b7f81f6f2c32d72df807b8f892acb5eae1043971084346a36f82,133,0x47f9de96e26f1dfae5588b063bfd24951827d39acd420379f98a70088ff2374e,4,0xcd0a0175ce2267e37b7c622417b4b621571aa77d,0xabbb6bebfa05aa13e908eaa492bd7a8343760477,299747240000000000,100000,100000000000,0,,0x0f2c9329000000000000000000000000167a9333bf582556f35bd4d16a7e80e191aa6476000000000000000000000000571b7b69829ce2568b9bc3d32eaf7405dab76b21,,167855,33571,11883580,0x0f2c9329,"split(address targetFork, address targetNoFork)",0.29974724,sent,0xcd0a0175ce2267e37b7c622417b4b621571aa77d
268,4094472,1501409865,0xe2ecc4a35ba8f9d28374f9905d4b906dd0f8c339f1a95ab92ad5806b492ca798,326525,0x6f5c0e74ac19467691555bcc8ce47670385dedbe7676b1f8f00db425db545d09,77,0xb2930b35844a230f00e51431acae96fe543a0347,0xcd0a0175ce2267e37b7c622417b4b621571aa77d,300255700000000000,100000,20000000000,0,,0x,,6408277,21000,11880931,0x,,0.3002557,received,0xcd0a0175ce2267e37b7c622417b4b621571aa77d
269,4094528,1501410818,0xe8cef07528dcefa7176273272434409f9df5c57dbdeab23b712c8a0a0c353d99,134,0x4c3eb370033229194bb15713a2d2c28afd64c3f0fff7e45dc579206ce610d790,13,0xcd0a0175ce2267e37b7c622417b4b621571aa77d,0xabbb6bebfa05aa13e908eaa492bd7a8343760477,296898600000000000,100000,100000000000,0,,0x0f2c9329000000000000000000000000167a9333bf582556f35bd4d16a7e80e191aa6476000000000000000000000000571b7b69829ce2568b9bc3d32eaf7405dab76b21,,469994,33571,11880875,0x0f2c9329,"split(address targetFork, address targetNoFork)",0.2968986,sent,0xcd0a0175ce2267e37b7c622417b4b621571aa77d
270,4097177,1501459595,0xe157176714f4d3e53f2efacbc33d203d4fb959590f7421f8e7ef05b0f68c1167,328494,0x7dd4ba3f01014e341b3e1b1c2378f264bf2f5ae64b0e5169a98122834f97116c,76,0xb2930b35844a230f00e51431acae96fe543a0347,0xcd0a0175ce2267e37b7c622417b4b621571aa77d,301473560000000000,100000,20000000000,0,,0x,,2364663,21000,11878226,0x,,0.30147356,received,0xcd0a0175ce2267e37b7c622417b4b621571aa77d
271,4097230,1501460612,0x66786929d12381ceb0819e1157d7daf70ba406853ed13d37d82abc988ec4ce96,135,0x1c6ec973de1b83b0e070a2c995cb9407ee1ffe40ec8243fb718ab09435375381,4,0xcd0a0175ce2267e37b7c622417b4b621571aa77d,0xabbb6bebfa05aa13e908eaa492bd7a8343760477,298116460000000000,100000,100000000000,0,,0x0f2c9329000000000000000000000000167a9333bf582556f35bd4d16a7e80e191aa6476000000000000000000000000571b7b69829ce2568b9bc3d32eaf7405dab76b21,,167855,33571,11878173,0x0f2c9329,"split(address targetFork, address targetNoFork)",0.29811646,sent,0xcd0a0175ce2267e37b7c622417b4b621571aa77d
272,4099918,1501509520,0x2e877fc1ed719ebbe666866fae0577117a82bbdc4c7addc2836170164e702e26,330189,0x38eca056403c7c85e25d5c456ecb68327536cc4426a6d00190a4e4073ed0526a,167,0xb2930b35844a230f00e51431acae96fe543a0347,0xcd0a0175ce2267e37b7c622417b4b621571aa77d,305105250000000000,100000,20000000000,0,,0x,,6167620,21000,11875485,0x,,0.30510525,received,0xcd0a0175ce2267e37b7c622417b4b621571aa77d
273,4099970,1501510791,0x60cc4224d097756df610eee62919c8d247d0ee24925c1fedfe43433cc08053be,136,0xba13812014a2e41103d05b8cdf739db907c133b3f9136a27efa6f40224077386,113,0xcd0a0175ce2267e37b7c622417b4b621571aa77d,0xabbb6bebfa05aa13e908eaa492bd7a8343760477,301748150000000000,100000,100000000000,0,,0x0f2c9329000000000000000000000000167a9333bf582556f35bd4d16a7e80e191aa6476000000000000000000000000571b7b69829ce2568b9bc3d32eaf7405dab76b21,,2488889,33571,11875433,0x0f2c9329,"split(address targetFork, address targetNoFork)",0.30174815,sent,0xcd0a0175ce2267e37b7c622417b4b621571aa77d
274,4102455,1501562525,0xdf9d203b1e0ab7927bc240deade763d08cfb3fa0072c7f92b260e983331f666c,331677,0x3c02662b9b08311007b4f15b3e2206d98cdd46cb59f99f775a41525e8493a756,19,0xb2930b35844a230f00e51431acae96fe543a0347,0xcd0a0175ce2267e37b7c622417b4b621571aa77d,300373840000000000,100000,20000000000,0,,0x,,499009,21000,11872948,0x,,0.30037384,received,0xcd0a0175ce2267e37b7c622417b4b621571aa77d
275,4102517,1501563759,0x014131f4f81591ecf77aadc11cd1fadbf8ea3f4a7b5e20a243999427192bc43b,137,0xfd430c168c6a6b1379362ca7d07f0d532ef17e55ef56ce283045b1a0eef633d5,82,0xcd0a0175ce2267e37b7c622417b4b621571aa77d,0xabbb6bebfa05aa13e908eaa492bd7a8343760477,297016740000000000,100000,100000000000,0,,0x0f2c9329000000000000000000000000167a9333bf582556f35bd4d16a7e80e191aa6476000000000000000000000000571b7b69829ce2568b9bc3d32eaf7405dab76b21,,2121572,33571,11872886,0x0f2c9329,"split(address targetFork, address targetNoFork)",0.29701674,sent,0xcd0a0175ce2267e37b7c622417b4b621571aa77d
276,4105148,1501618655,0x842c283b0d4cece0b1970beab69523ca9aff61b7580b7e8baa5267f41c6e222d,333268,0xa3f00c458a08d06fc73d1f96f1c179c5f0b82634382fa521a5f40da8336908e5,18,0xb2930b35844a230f00e51431acae96fe543a0347,0xcd0a0175ce2267e37b7c622417b4b621571aa77d,300854050000000000,100000,20000000000,0,,0x,,490494,21000,11870255,0x,,0.30085405,received,0xcd0a0175ce2267e37b7c622417b4b621571aa77d
277,4105207,1501619810,0x1a42182019c6edba59e03c2f81a6ce0a02c9c02bebef87dfbd51df14733900b0,138,0x6e861d612c58d6a4d4073ee20a0d228bfb888c3ab7723f08b77d6629d2d0fafc,1,0xcd0a0175ce2267e37b7c622417b4b621571aa77d,0xabbb6bebfa05aa13e908eaa492bd7a8343760477,297496950000000000,100000,100000000000,0,,0x0f2c9329000000000000000000000000167a9333bf582556f35bd4d16a7e80e191aa6476000000000000000000000000571b7b69829ce2568b9bc3d32eaf7405dab76b21,,54571,33571,11870196,0x0f2c9329,"split(address targetFork, address targetNoFork)",0.29749695,sent,0xcd0a0175ce2267e37b7c622417b4b621571aa77d
278,4107772,1501675620,0x3f41aea3278157a24a67e13baebe994df11a3aeb3f3d827d6f96ad4cf70b91fb,334919,0x0cabaa442f83aa5139cd92bbbedea0431bce1600dd3abef52c22087ddc640f5c,54,0xb2930b35844a230f00e51431acae96fe543a0347,0xcd0a0175ce2267e37b7c622417b4b621571aa77d,302663110000000000,100000,20000000000,0,,0x,,1599008,21000,11867631,0x,,0.30266311,received,0xcd0a0175ce2267e37b7c622417b4b621571aa77d
279,4107828,1501676696,0x56093b5a00104697affbb0e45aab57d9cedea041f914a1c1606dd083cf33df1e,139,0xd7d476b112dc09bd4c573341ff030392d06c3fcd718af76f59d4a63e5d89ec2a,86,0xcd0a0175ce2267e37b7c622417b4b621571aa77d,0xabbb6bebfa05aa13e908eaa492bd7a8343760477,299306010000000000,100000,100000000000,0,,0x0f2c9329000000000000000000000000167a9333bf582556f35bd4d16a7e80e191aa6476000000000000000000000000571b7b69829ce2568b9bc3d32eaf7405dab76b21,,1971392,33571,11867575,0x0f2c9329,"split(address targetFork, address targetNoFork)",0.29930601,sent,0xcd0a0175ce2267e37b7c622417b4b621571aa77d
280,4110357,1501730248,0x710fc6b5a1adfb93301b3983e34ddd265cabc4a3c218fa3e714a393cc1951782,336214,0xaac64e7706a80d3a06a3f11d5ab07061249edac2946eadb4548914dd1354600b,33,0xb2930b35844a230f00e51431acae96fe543a0347,0xcd0a0175ce2267e37b7c622417b4b621571aa77d,301324990000000000,100000,20000000000,0,,0x,,1355051,21000,11865046,0x,,0.30132499,received,0xcd0a0175ce2267e37b7c622417b4b621571aa77d
281,4110410,1501731496,0x333719997ad4e596867acb47da60067458ff4af2f6c5a42248033bfe44be6e8e,140,0x1b4e3d66a22a9313a7e2552217d41e7054a1fa48c54427c937852a87122a08be,1,0xcd0a0175ce2267e37b7c622417b4b621571aa77d,0xabbb6bebfa05aa13e908eaa492bd7a8343760477,297967890000000000,100000,100000000000,0,,0x0f2c9329000000000000000000000000167a9333bf582556f35bd4d16a7e80e191aa6476000000000000000000000000571b7b69829ce2568b9bc3d32eaf7405dab76b21,,67142,33571,11864993,0x0f2c9329,"split(address targetFork, address targetNoFork)",0.29796789,sent,0xcd0a0175ce2267e37b7c622417b4b621571aa77d
282,4112869,1501785328,0x89bbb35e569ed67033612418310c4a77ddb7b9ea5cb25962183af6a5f9250ec4,337532,0x3bc68a940e6c32e13866bf18e0b3eb8b5230f483dce91d9a38dda4d0bfd0f7d4,31,0xb2930b35844a230f00e51431acae96fe543a0347,0xcd0a0175ce2267e37b7c622417b4b621571aa77d,300436860000000000,100000,20000000000,0,,0x,,2908174,21000,11862534,0x,,0.30043686,received,0xcd0a0175ce2267e37b7c622417b4b621571aa77d
283,4112924,1501786465,0xf3d57a13ef6ebe2b06989c3677156ed57b9699aa189062a174ed31faf2e32682,141,0xd2852bfccae8bfd8c2c574e68fdf24a35f2744a555c64a6c95ff747e789ed9d1,7,0xcd0a0175ce2267e37b7c622417b4b621571aa77d,0xabbb6bebfa05aa13e908eaa492bd7a8343760477,297079760000000000,100000,100000000000,0,,0x0f2c9329000000000000000000000000167a9333bf582556f35bd4d16a7e80e191aa6476000000000000000000000000571b7b69829ce2568b9bc3d32eaf7405dab76b21,,268568,33571,11862479,0x0f2c9329,"split(address targetFork, address targetNoFork)",0.29707976,sent,0xcd0a0175ce2267e37b7c622417b4b621571aa77d
284,4115004,1501831251,0xe8a8151f5cacf18014aa607e8ce16304382e8dc8c081709a22935bcd8b8494f1,338881,0x046303f7d18a680d0c3dcd7e2cb4ca8d7b04740d8640efd01519f8480d092618,120,0xb2930b35844a230f00e51431acae96fe543a0347,0xcd0a0175ce2267e37b7c622417b4b621571aa77d,300349590000000000,100000,20000000000,0,,0x,,6254858,21000,11860399,0x,,0.30034959,received,0xcd0a0175ce2267e37b7c622417b4b621571aa77d
285,4115057,1501832077,0xe06649f02c07cba733c86fb01f109fa3e335a3e4a6e77713b78e8404a751aff2,142,0x56d7fd543e15673f777e6ed4bd3eb0556639f3bf852fe4bfe5c7d56dc978542b,2,0xcd0a0175ce2267e37b7c622417b4b621571aa77d,0xabbb6bebfa05aa13e908eaa492bd7a8343760477,296992490000000000,100000,100000000000,0,,0x0f2c9329000000000000000000000000167a9333bf582556f35bd4d16a7e80e191aa6476000000000000000000000000571b7b69829ce2568b9bc3d32eaf7405dab76b21,,100713,33571,11860346,0x0f2c9329,"split(address targetFork, address targetNoFork)",0.29699249,sent,0xcd0a0175ce2267e37b7c622417b4b621571aa77d
286,4117196,1501877550,0x801cd45f483548105f1fa540e1382b566f2e86b9ee4f51a2cd9f9fdd3bd85f56,340044,0xd13ce7d13c1394768b511d6babcf1bf01e8775f653ef9ab98ec48f6f3680dc14,55,0xb2930b35844a230f00e51431acae96fe543a0347,0xcd0a0175ce2267e37b7c622417b4b621571aa77d,301390980000000000,100000,20000000000,0,,0x,,2494619,21000,11858207,0x,,0.30139098,received,0xcd0a0175ce2267e37b7c622417b4b621571aa77d
287,4117251,1501878658,0x75f0e4975b1e7706abc5ad6a6906fe29c92ef4f17300cf5e543a4661760df60a,143,0xb6fe858cacfdd6b291ac32e42cb77ec25e0bd0f7384296ba0efe04d4caf1a3d1,5,0xcd0a0175ce2267e37b7c622417b4b621571aa77d,0xabbb6bebfa05aa13e908eaa492bd7a8343760477,298033880000000000,100000,100000000000,0,,0x0f2c9329000000000000000000000000167a9333bf582556f35bd4d16a7e80e191aa6476000000000000000000000000571b7b69829ce2568b9bc3d32eaf7405dab76b21,,201426,33571,11858152,0x0f2c9329,"split(address targetFork, address targetNoFork)",0.29803388,sent,0xcd0a0175ce2267e37b7c622417b4b621571aa77d
288,4119271,1501922111,0x9c3cce9b4786e306f0f8f87acc1a963ca178f55988cae268d7a8b89c30a04b27,341269,0xf0bb879aeee6f74c79e41162140005e65af4fe4329faec5a71febb40700492c4,91,0xb2930b35844a230f00e51431acae96fe543a0347,0xcd0a0175ce2267e37b7c622417b4b621571aa77d,301837670000000000,100000,20000000000,0,,0x,,4532394,21000,11856132,0x,,0.30183767,received,0xcd0a0175ce2267e37b7c622417b4b621571aa77d
289,4119324,1501923346,0xe8a046b6bfe580609df63f0e936a1a4dcf2ada1dc9f36bc628917cfd14e6079e,144,0x36077a02775a1707703ea60d1798feb3460b4522c3688cc54f19de0376e4926e,156,0xcd0a0175ce2267e37b7c622417b4b621571aa77d,0xabbb6bebfa05aa13e908eaa492bd7a8343760477,298480570000000000,100000,100000000000,0,,0x0f2c9329000000000000000000000000167a9333bf582556f35bd4d16a7e80e191aa6476000000000000000000000000571b7b69829ce2568b9bc3d32eaf7405dab76b21,,3720617,33571,11856079,0x0f2c9329,"split(address targetFork, address targetNoFork)",0.29848057,sent,0xcd0a0175ce2267e37b7c622417b4b621571aa77d
290,4121848,1501977027,0xe85bc4eac013633174229875d56d6f8e6957222ffc34a39e5cef277ad04f215a,342741,0x9c3d186239706ce43a0caa44ce84b51fba34276f97fc6ca73a6be96aa4bf0f41,54,0xb2930b35844a230f00e51431acae96fe543a0347,0xcd0a0175ce2267e37b7c622417b4b621571aa77d,299777940000000000,100000,20000000000,0,,0x,,3095326,21000,11853555,0x,,0.29977794,received,0xcd0a0175ce2267e37b7c622417b4b621571aa77d
291,4121903,1501978190,0x2610a0f72ff57fed861e91215b41767c4b317bc6c35d332697f57cc7c758bc89,145,0xf824d70a6e82550c53794759fce27cad7a947ab4adde1e7b04a07dfca8033ce0,2,0xcd0a0175ce2267e37b7c622417b4b621571aa77d,0xabbb6bebfa05aa13e908eaa492bd7a8343760477,296420840000000000,100000,100000000000,0,,0x0f2c9329000000000000000000000000167a9333bf582556f35bd4d16a7e80e191aa6476000000000000000000000000571b7b69829ce2568b9bc3d32eaf7405dab76b21,,100713,33571,11853500,0x0f2c9329,"split(address targetFork, address targetNoFork)",0.29642084,sent,0xcd0a0175ce2267e37b7c622417b4b621571aa77d
292,4124157,1502026137,0x91cdc053b0d0d62593c5cb148a23e0350c57de1144df2407643d4b1d63093bb1,344252,0xdf76e88c202d97a6cf8c05a0eca1b2a100263cc73d58f15f4c1f43e7800fa81e,12,0xb2930b35844a230f00e51431acae96fe543a0347,0xcd0a0175ce2267e37b7c622417b4b621571aa77d,299801970000000000,100000,20000000000,0,,0x,,451225,21000,11851246,0x,,0.29980197,received,0xcd0a0175ce2267e37b7c622417b4b621571aa77d
293,4124207,1502027004,0xffe29523cd5c8bf42e02cf3d560732967e4918ac6b3b1f322681fc6601af5781,146,0xbef921c406a6820849790f48bb642b9da4bbe14fb4913173af364949a46a6cf0,6,0xcd0a0175ce2267e37b7c622417b4b621571aa77d,0xabbb6bebfa05aa13e908eaa492bd7a8343760477,296444870000000000,100000,100000000000,0,,0x0f2c9329000000000000000000000000167a9333bf582556f35bd4d16a7e80e191aa6476000000000000000000000000571b7b69829ce2568b9bc3d32eaf7405dab76b21,,234997,33571,11851196,0x0f2c9329,"split(address targetFork, address targetNoFork)",0.29644487,sent,0xcd0a0175ce2267e37b7c622417b4b621571aa77d
294,4126395,1502074038,0x44ad5870852c3375ae44ce3d795b5fffac91d86e72e97adb28fff2ace6924c71,345668,0x5a0303270cd0379ddfc012442516c9bb58844e0bec326d4e98e0e43ab8a24e1a,10,0xb2930b35844a230f00e51431acae96fe543a0347,0xcd0a0175ce2267e37b7c622417b4b621571aa77d,300644500000000000,100000,20000000000,0,,0x,,247222,21000,11849008,0x,,0.3006445,received,0xcd0a0175ce2267e37b7c622417b4b621571aa77d
295,4126447,1502075473,0xf3d7c75a95b26105db680469078f7664607b9aacea57f44cc04dfc487095afd2,147,0x26a40fe843040bf0045982b1b15bde1ad2ff691c2df2ecc15d4438f781a2b149,72,0xcd0a0175ce2267e37b7c622417b4b621571aa77d,0xabbb6bebfa05aa13e908eaa492bd7a8343760477,297287400000000000,100000,100000000000,0,,0x0f2c9329000000000000000000000000167a9333bf582556f35bd4d16a7e80e191aa6476000000000000000000000000571b7b69829ce2568b9bc3d32eaf7405dab76b21,,2127092,33571,11848956,0x0f2c9329,"split(address targetFork, address targetNoFork)",0.2972874,sent,0xcd0a0175ce2267e37b7c622417b4b621571aa77d
296,4128739,1502123487,0xe3da00eda80cfeb4c8b32bb55dc589fcf01437202b6ef909ba60bcae9be475da,347384,0xefb16862d441327a344fe78b275ccd6218294242381cce2ab64f3be33c371f8a,86,0xb2930b35844a230f00e51431acae96fe543a0347,0xcd0a0175ce2267e37b7c622417b4b621571aa77d,305217560000000000,100000,20000000000,0,,0x,,5988666,21000,11846664,0x,,0.30521756,received,0xcd0a0175ce2267e37b7c622417b4b621571aa77d
297,4128789,1502124442,0x95c3cfedff2bdcb88429485148a5a536133fa08cba6c1bdebf1702e1f7a63b7b,148,0xc211758171a81e8753dd999adf7174b18c6e016c8d2873b0f372b44291f8d292,2,0xcd0a0175ce2267e37b7c622417b4b621571aa77d,0xabbb6bebfa05aa13e908eaa492bd7a8343760477,301860460000000000,100000,100000000000,0,,0x0f2c9329000000000000000000000000167a9333bf582556f35bd4d16a7e80e191aa6476000000000000000000000000571b7b69829ce2568b9bc3d32eaf7405dab76b21,,90110,33571,11846614,0x0f2c9329,"split(address targetFork, address targetNoFork)",0.30186046,sent,0xcd0a0175ce2267e37b7c622417b4b621571aa77d
298,4131108,1502174689,0xe9b2a42b048a041c64de206fdc30ff70514aa8f00a4062083a5e303fd0fbd827,348960,0x30e1d2e15d7d922ede097dd22d6558057ca2cdf4b3e2cb4716611a74b7d7cb84,32,0xb2930b35844a230f00e51431acae96fe543a0347,0xcd0a0175ce2267e37b7c622417b4b621571aa77d,313185370000000000,100000,20000000000,0,,0x,,855065,21000,11844295,0x,,0.31318537,received,0xcd0a0175ce2267e37b7c622417b4b621571aa77d
299,4131319,1502178771,0x2dc83bb3fdcc973f5ee701b4d900a32438975db5f152f285053e6843d8500c96,149,0x66ce74b43924c6e3b581c02f3f14b8ead2ca8546c499df95953bf620bc35b441,31,0xcd0a0175ce2267e37b7c622417b4b621571aa77d,0xabbb6bebfa05aa13e908eaa492bd7a8343760477,309828270000000000,100000,100000000000,0,,0x0f2c9329000000000000000000000000167a9333bf582556f35bd4d16a7e80e191aa6476000000000000000000000000571b7b69829ce2568b9bc3d32eaf7405dab76b21,,924591,33571,11844084,0x0f2c9329,"split(address targetFork, address targetNoFork)",0.30982827,sent,0xcd0a0175ce2267e37b7c622417b4b621571aa77d
300,4133518,1502224165,0xbf41e8fd73a50c9373e2d3f353502a4e117795b2420b0eb2044010ce4d533143,350648,0x58c7f3995dc334fdb7eaf6b3a7eca8f46041f84ae43d1440296eae2ba7a4b976,43,0xb2930b35844a230f00e51431acae96fe543a0347,0xcd0a0175ce2267e37b7c622417b4b621571aa77d,301003270000000000,100000,20000000000,0,,0x,,2461078,21000,11841885,0x,,0.30100327,received,0xcd0a0175ce2267e37b7c622417b4b621571aa77d
301,4133573,1502225421,0x11ac805a8a89649fadd7c0c519ea6a0512b6aee65ccd95c1921ede787e3a0619,150,0x12954c9fc2be748ffec8b85a2e79758ff55b608445bd5eac316a32fc8f23dbe9,0,0xcd0a0175ce2267e37b7c622417b4b621571aa77d,0xabbb6bebfa05aa13e908eaa492bd7a8343760477,297646170000000000,100000,100000000000,0,,0x0f2c9329000000000000000000000000167a9333bf582556f35bd4d16a7e80e191aa6476000000000000000000000000571b7b69829ce2568b9bc3d32eaf7405dab76b21,,33571,33571,11841830,0x0f2c9329,"split(address targetFork, address targetNoFork)",0.29764617,sent,0xcd0a0175ce2267e37b7c622417b4b621571aa77d
302,4135802,1502273094,0xc2a18e6ac892fc1e0154b621d7b75482bd0efa837d956c9fb76d4022be8e339e,352433,0xd166d6c3483bec814731bd2c05af2fae49d16c47f529aa13cfef8444b5ba3bf3,38,0xb2930b35844a230f00e51431acae96fe543a0347,0xcd0a0175ce2267e37b7c622417b4b621571aa77d,302199170000000000,100000,20000000000,0,,0x,,2983443,21000,11839601,0x,,0.30219917,received,0xcd0a0175ce2267e37b7c622417b4b621571aa77d
303,4135855,1502274122,0xe45dd82fdca894772c65154dca28fc8ff26cd5b0f1fdb1f55df07853360b043e,151,0xd19d2528b1780f595667bbd06b9632c8f21d2ccc136e6622e3e00f9387a01299,5,0xcd0a0175ce2267e37b7c622417b4b621571aa77d,0xabbb6bebfa05aa13e908eaa492bd7a8343760477,298842070000000000,100000,100000000000,0,,0x0f2c9329000000000000000000000000167a9333bf582556f35bd4d16a7e80e191aa6476000000000000000000000000571b7b69829ce2568b9bc3d32eaf7405dab76b21,,188855,33571,11839548,0x0f2c9329,"split(address targetFork, address targetNoFork)",0.29884207,sent,0xcd0a0175ce2267e37b7c622417b4b621571aa77d
304,4138206,1502323177,0x7ded3c6b22c645413e54540ed37b21aca856cb77b4bf327870d9a95c644cc40f,353920,0xc01d77e1c3b73040a57087bedbd2c469fdb0390838b315e3719be84a666c8d94,53,0xb2930b35844a230f00e51431acae96fe543a0347,0xcd0a0175ce2267e37b7c622417b4b621571aa77d,302572040000000000,100000,20000000000,0,,0x,,1616137,21000,11837197,0x,,0.30257204,received,0xcd0a0175ce2267e37b7c622417b4b621571aa77d
305,4138264,1502324491,0x22d97d04d9e2864bcac4db10f472da10de53f3a8b807c9dd287584beb02362b9,152,0x1c7ea6371bd3b0bb9cc41a271ac33963d4f29788573739a2246268cb3d05215e,2,0xcd0a0175ce2267e37b7c622417b4b621571aa77d,0xabbb6bebfa05aa13e908eaa492bd7a8343760477,299214940000000000,100000,100000000000,0,,0x0f2c9329000000000000000000000000167a9333bf582556f35bd4d16a7e80e191aa6476000000000000000000000000571b7b69829ce2568b9bc3d32eaf7405dab76b21,,100713,33571,11837139,0x0f2c9329,"split(address targetFork, address targetNoFork)",0.29921494,sent,0xcd0a0175ce2267e37b7c622417b4b621571aa77d
306,4140795,1502378855,0x2fe04c3a9da7614b63622abdb2d2e24df9f162aa2069ddb0039a72d62b2b04f0,355667,0xbadc7bccf522962603963e5c6c76047ba2b61cf4e278a5ce3637023015a1e8d6,90,0xb2930b35844a230f00e51431acae96fe543a0347,0xcd0a0175ce2267e37b7c622417b4b621571aa77d,300984400000000000,100000,20000000000,0,,0x,,3449469,21000,11834608,0x,,0.3009844,received,0xcd0a0175ce2267e37b7c622417b4b621571aa77d
307,4140845,1502379918,0xfb2d553004580317d7b67ef82664171f8eccc24edc23aacca629f21031e08a6f,153,0x6728216047072c326e1d9ab6ae3745dfe774ea7629d11639661ffddc0b33287c,6,0xcd0a0175ce2267e37b7c622417b4b621571aa77d,0xabbb6bebfa05aa13e908eaa492bd7a8343760477,297627300000000000,100000,100000000000,0,,0x0f2c9329000000000000000000000000167a9333bf582556f35bd4d16a7e80e191aa6476000000000000000000000000571b7b69829ce2568b9bc3d32eaf7405dab76b21,,222426,33571,11834558,0x0f2c9329,"split(address targetFork, address targetNoFork)",0.2976273,sent,0xcd0a0175ce2267e37b7c622417b4b621571aa77d
308,4143318,1502432934,0x029324694cef0df1ca3c7afac0a142660bbcf282dbcf9ed54c58f5ba27cbac0c,357309,0x94c8db1372868b68b7fd7f1023d3dcb9dca0e86c98f1cac219f7f83307be9bb6,141,0xb2930b35844a230f00e51431acae96fe543a0347,0xcd0a0175ce2267e37b7c622417b4b621571aa77d,299880580000000000,100000,20000000000,0,,0x,,4350277,21000,11832085,0x,,0.29988058,received,0xcd0a0175ce2267e37b7c622417b4b621571aa77d
309,4143369,1502434035,0x156cf01dbc7ef1d0ec36aae3e039a9cf6a5719ccc43dd2079f4e0297f82e7a45,154,0x004dddddbbc8a61fc0dd28f0596e221d0d1bde3be889d0217a83e5371e596da6,0,0xcd0a0175ce2267e37b7c622417b4b621571aa77d,0xabbb6bebfa05aa13e908eaa492bd7a8343760477,296523480000000000,100000,100000000000,0,,0x0f2c9329000000000000000000000000167a9333bf582556f35bd4d16a7e80e191aa6476000000000000000000000000571b7b69829ce2568b9bc3d32eaf7405dab76b21,,33571,33571,11832034,0x0f2c9329,"split(address targetFork, address targetNoFork)",0.29652348,sent,0xcd0a0175ce2267e37b7c622417b4b621571aa77d
310,4145728,1502483267,0x8f9db09ed24dcf8327c29be064154d860a0298f4f650dc44ca4df40f41873e8b,358827,0xefbf53b78b1e949cd437db805c343d13aa6847734b0b4b4100982c84e489827a,49,0xb2930b35844a230f00e51431acae96fe543a0347,0xcd0a0175ce2267e37b7c622417b4b621571aa77d,299783410000000000,100000,20000000000,0,,0x,,3617056,21000,11829675,0x,,0.29978341,received,0xcd0a0175ce2267e37b7c622417b4b621571aa77d
311,4145780,1502484256,0xc8cae2640ec9d89c6986f033095a9b3c3792e0a5d3dafb42ab57279e8c7d2bc1,155,0xbdd1e46d92cf276a19ce0c1be989eabad341bde3acbb03ca815606fb0f87b346,8,0xcd0a0175ce2267e37b7c622417b4b621571aa77d,0xabbb6bebfa05aa13e908eaa492bd7a8343760477,296426310000000000,100000,100000000000,0,,0x0f2c9329000000000000000000000000167a9333bf582556f35bd4d16a7e80e191aa6476000000000000000000000000571b7b69829ce2568b9bc3d32eaf7405dab76b21,,302139,33571,11829623,0x0f2c9329,"split(address targetFork, address targetNoFork)",0.29642631,sent,0xcd0a0175ce2267e37b7c622417b4b621571aa77d
312,4148294,1502537010,0x787b65424f2eb09aac835a7f16226dbe26e7974652ed2ee06e4133c7613365bb,360462,0xd0c0a34c34525b65a86ef0d00937db02ff6c6e0d7cbf2f9d7761f6c839522401,59,0xb2930b35844a230f00e51431acae96fe543a0347,0xcd0a0175ce2267e37b7c622417b4b621571aa77d,299695450000000000,100000,20000000000,0,,0x,,3398876,21000,11827109,0x,,0.29969545,received,0xcd0a0175ce2267e37b7c622417b4b621571aa77d
313,4148349,1502538130,0x4cbdac473056c98eb27cf61209c10d70d1379a91672d0a9e673670d7200246fe,156,0x7d8fac4248e165228618f2827b87233ee30e7f26912d8baebad9d3ca8e2f3d03,7,0xcd0a0175ce2267e37b7c622417b4b621571aa77d,0xabbb6bebfa05aa13e908eaa492bd7a8343760477,296338350000000000,100000,100000000000,0,,0x0f2c9329000000000000000000000000167a9333bf582556f35bd4d16a7e80e191aa6476000000000000000000000000571b7b69829ce2568b9bc3d32eaf7405dab76b21,,255997,33571,11827054,0x0f2c9329,"split(address targetFork, address targetNoFork)",0.29633835,sent,0xcd0a0175ce2267e37b7c622417b4b621571aa77d
314,4150940,1502592879,0x9189e5dc6d1011afabe5d419e2175e692e3d2c970f22661495f7677e412e6ec2,362003,0xcd3a121ad0982c824f61fffe43c71663b22cab57f4a491a7a23ef094f212c8f8,65,0xb2930b35844a230f00e51431acae96fe543a0347,0xcd0a0175ce2267e37b7c622417b4b621571aa77d,300217250000000000,100000,20000000000,0,,0x,,5833783,21000,11824463,0x,,0.30021725,received,0xcd0a0175ce2267e37b7c622417b4b621571aa77d
315,4150995,1502594240,0xadccb5f6e7b5932833d921e51b1fd3eb995226e0a90baccd8adcc9cfd0b95de0,157,0xc648021043c69603d70fc73544b41bc2a49a0e6e938bc0a62617229e47d7b614,4,0xcd0a0175ce2267e37b7c622417b4b621571aa77d,0xabbb6bebfa05aa13e908eaa492bd7a8343760477,296860150000000000,100000,100000000000,0,,0x0f2c9329000000000000000000000000167a9333bf582556f35bd4d16a7e80e191aa6476000000000000000000000000571b7b69829ce2568b9bc3d32eaf7405dab76b21,,155284,33571,11824408,0x0f2c9329,"split(address targetFork, address targetNoFork)",0.29686015,sent,0xcd0a0175ce2267e37b7c622417b4b621571aa77d
316,4153548,1502647627,0x188c078ec4e11e71bf1e280694fe184d61873dac5c63a4410de6ac184f21fcc9,363830,0x300177bac26a2c25643db1492223062ac583bf5953cb0d96fceeced8c232392b,80,0xb2930b35844a230f00e51431acae96fe543a0347,0xcd0a0175ce2267e37b7c622417b4b621571aa77d,302405160000000000,100000,20000000000,0,,0x,,3722990,21000,11821855,0x,,0.30240516,received,0xcd0a0175ce2267e37b7c622417b4b621571aa77d
317,4153603,1502648730,0x69a97b2a4cf7c5446085618b7bed706444aa75f35ea7251c0383d410409f0375,158,0x769a96b5f79f31546d69caa39d00427d09132829b5f3fb0d58a10ae0fc0976eb,8,0xcd0a0175ce2267e37b7c622417b4b621571aa77d,0xabbb6bebfa05aa13e908eaa492bd7a8343760477,299048060000000000,100000,100000000000,0,,0x0f2c9329000000000000000000000000167a9333bf582556f35bd4d16a7e80e191aa6476000000000000000000000000571b7b69829ce2568b9bc3d32eaf7405dab76b21,,289568,33571,11821800,0x0f2c9329,"split(address targetFork, address targetNoFork)",0.29904806,sent,0xcd0a0175ce2267e37b7c622417b4b621571aa77d
318,4156382,1502706284,0xb5997b25935d16cb738c34d57a9a2afa239a4e2fcc698df99d3ea52558dd352f,365662,0x4c1d28baf1f094878b6b141cb5b76ccf632ee2a9a8981d8d6dc292d685fc08e8,83,0xb2930b35844a230f00e51431acae96fe543a0347,0xcd0a0175ce2267e37b7c622417b4b621571aa77d,300964350000000000,100000,20000000000,0,,0x,,4469944,21000,11819021,0x,,0.30096435,received,0xcd0a0175ce2267e37b7c622417b4b621571aa77d
319,4156439,1502707650,0xe9b662d5f80e8d575da30489788b11f942d2d99ddde7546f802c77ac0e26b154,159,0x4677f64cbcd2a321696859d7b28ac6619fbaa05416ca31e2c4297148f532668a,9,0xcd0a0175ce2267e37b7c622417b4b621571aa77d,0xabbb6bebfa05aa13e908eaa492bd7a8343760477,297607250000000000,100000,100000000000,0,,0x0f2c9329000000000000000000000000167a9333bf582556f35bd4d16a7e80e191aa6476000000000000000000000000571b7b69829ce2568b9bc3d32eaf7405dab76b21,,335710,33571,11818964,0x0f2c9329,"split(address targetFork, address targetNoFork)",0.29760725,sent,0xcd0a0175ce2267e37b7c622417b4b621571aa77d
320,4159006,1502760748,0x59486b7561910ec6361c791e5727dd71a93008c637604486fafbdc1ae4dcc6f5,367230,0xbacec2958747e069b814353e373e6b1f00f98360c2b1c39699d6e86f65ff5782,67,0xb2930b35844a230f00e51431acae96fe543a0347,0xcd0a0175ce2267e37b7c622417b4b621571aa77d,302965480000000000,100000,20000000000,0,,0x,,5204840,21000,11816397,0x,,0.30296548,received,0xcd0a0175ce2267e37b7c622417b4b621571aa77d
321,4159056,1502761533,0xf78e7b9ef453b28df460bb6b20a45751aca4fb3c1a906637eea8cdf50f5e79d4,160,0x3c6ad7fc7da36524e43eb50198483338d1b19185fa5f4f678f030751bda15d20,1,0xcd0a0175ce2267e37b7c622417b4b621571aa77d,0xabbb6bebfa05aa13e908eaa492bd7a8343760477,299608380000000000,100000,100000000000,0,,0x0f2c9329000000000000000000000000167a9333bf582556f35bd4d16a7e80e191aa6476000000000000000000000000571b7b69829ce2568b9bc3d32eaf7405dab76b21,,67142,33571,11816347,0x0f2c9329,"split(address targetFork, address targetNoFork)",0.29960838,sent,0xcd0a0175ce2267e37b7c622417b4b621571aa77d
322,4161530,1502813786,0xd2666df4289756dd5c3cf4c01daf5d344e6f3bd35c33d1e3b83efe7df7bd1240,368864,0xaab27af581394676d266a950b56fe40a419383102ef01f3d8b444b3747fdf325,99,0xb2930b35844a230f00e51431acae96fe543a0347,0xcd0a0175ce2267e37b7c622417b4b621571aa77d,300321250000000000,100000,20000000000,0,,0x,,3479302,21000,11813873,0x,,0.30032125,received,0xcd0a0175ce2267e37b7c622417b4b621571aa77d
323,4161584,1502815026,0x9968daab1671e59bc4927add990289473ac40aa6ea0bf66eb408bd954dc8f9bb,161,0x25956186b616a8b58509777369483aa54bf294ec1e9449d889d27a688e725f6d,11,0xcd0a0175ce2267e37b7c622417b4b621571aa77d,0xabbb6bebfa05aa13e908eaa492bd7a8343760477,296964150000000000,100000,100000000000,0,,0x0f2c9329000000000000000000000000167a9333bf582556f35bd4d16a7e80e191aa6476000000000000000000000000571b7b69829ce2568b9bc3d32eaf7405dab76b21,,402852,33571,11813819,0x0f2c9329,"split(address targetFork, address targetNoFork)",0.29696415,sent,0xcd0a0175ce2267e37b7c622417b4b621571aa77d
324,4164092,1502868347,0x8e1372ca460e9609b9a9261b5bfd3e5ec744b0eb707c6bcfe2ee46f155dd9ff8,370615,0xa1fe955656608dd27191588d10c4aae6911e3a56e0f0037b3cb16d0fec0614e9,13,0xb2930b35844a230f00e51431acae96fe543a0347,0xcd0a0175ce2267e37b7c622417b4b621571aa77d,299690680000000000,100000,40000000000,0,,0x,,491288,21000,11811311,0x,,0.29969068,received,0xcd0a0175ce2267e37b7c622417b4b621571aa77d
325,4164153,1502869301,0x2ca3da51021762728cf28a90e7571b18bedc6b28b1227acd9a8c3d1e196f0476,162,0x15cd6ca03f89f1a6a8ec3aeabf96b68fbcb4a37e5003c5a315935263d9372684,15,0xcd0a0175ce2267e37b7c622417b4b621571aa77d,0xabbb6bebfa05aa13e908eaa492bd7a8343760477,296333580000000000,100000,100000000000,0,,0x0f2c9329000000000000000000000000167a9333bf582556f35bd4d16a7e80e191aa6476000000000000000000000000571b7b69829ce2568b9bc3d32eaf7405dab76b21,,499423,33571,11811250,0x0f2c9329,"split(address targetFork, address targetNoFork)",0.29633358,sent,0xcd0a0175ce2267e37b7c622417b4b621571aa77d
326,4166860,1502925185,0xb9e6601a1222babe192ef5102e53b222dce2b9bdadc8fbd7a9fca6249388649d,372258,0xa8479dfa6ad1091d85172df18f146ceff944a775fbce548f2c2a8cf94cef48e9,24,0xb2930b35844a230f00e51431acae96fe543a0347,0xcd0a0175ce2267e37b7c622417b4b621571aa77d,299843120000000000,100000,40000000000,0,,0x,,855293,21000,11808543,0x,,0.29984312,received,0xcd0a0175ce2267e37b7c622417b4b621571aa77d
327,4166921,1502926331,0xaa5e8303cde66beb85b2fc46a8805c0aff50a6f9efc39e16818b110eec4ddcfc,163,0xe7c35cec1f5e6fdd1b26e5bbf376411e40c32ff4663091281054b6bfab797e0f,7,0xcd0a0175ce2267e37b7c622417b4b621571aa77d,0xabbb6bebfa05aa13e908eaa492bd7a8343760477,296486020000000000,100000,100000000000,0,,0x0f2c9329000000000000000000000000167a9333bf582556f35bd4d16a7e80e191aa6476000000000000000000000000571b7b69829ce2568b9bc3d32eaf7405dab76b21,,474326,33571,11808482,0x0f2c9329,"split(address targetFork, address targetNoFork)",0.29648602,sent,0xcd0a0175ce2267e37b7c622417b4b621571aa77d
328,4169432,1502979163,0x354cd84c9389d9b3f0d7c86adfc21e49a011db34e93e48570a586af2f9a96586,374001,0x55d5bc56d248b97d9f351bbe91a6c0814de0edf5253bd441789f2236185690bd,3,0xb2930b35844a230f00e51431acae96fe543a0347,0xcd0a0175ce2267e37b7c622417b4b621571aa77d,299254690000000000,100000,40000000000,0,,0x,,84000,21000,11805971,0x,,0.29925469,received,0xcd0a0175ce2267e37b7c622417b4b621571aa77d
329,4169509,1502980659,0xfc759b4e1df50804e6cc5243f6a532ac2d28d73d44fcddd760bd40f9677659e8,164,0xc436b3d48ca818c965c6b856b5bca871c0ce0945ca7fcf343cd75607fc22118c,0,0xcd0a0175ce2267e37b7c622417b4b621571aa77d,0xabbb6bebfa05aa13e908eaa492bd7a8343760477,295897590000000000,100000,100000000000,0,,0x0f2c9329000000000000000000000000167a9333bf582556f35bd4d16a7e80e191aa6476000000000000000000000000571b7b69829ce2568b9bc3d32eaf7405dab76b21,,33571,33571,11805894,0x0f2c9329,"split(address targetFork, address targetNoFork)",0.29589759,sent,0xcd0a0175ce2267e37b7c622417b4b621571aa77d
330,4172092,1503034791,0x5f82fdbbc2538ccf764e2c942a0f118c6bd5657c42b4a4f9957d132f1ef28086,375746,0x21e37b9a7c30a53b392ec821d50c56cd4429152cd6234851eb0284c96478ac1f,60,0xb2930b35844a230f00e51431acae96fe543a0347,0xcd0a0175ce2267e37b7c622417b4b621571aa77d,299604280000000000,100000,40000000000,0,,0x,,6599995,21000,11803311,0x,,0.29960428,received,0xcd0a0175ce2267e37b7c622417b4b621571aa77d
331,4172165,1503036046,0x686d0ca0b439b2c4c4355834d2ba62c56d113c52d009cbbea806e3f5f5b985fb,165,0x5a253529b3c4587401858296ab0e5849ec16ebdb4fdf6ebb3e84ae6a8a6c2391,4,0xcd0a0175ce2267e37b7c622417b4b621571aa77d,0xabbb6bebfa05aa13e908eaa492bd7a8343760477,296247180000000000,100000,100000000000,0,,0x0f2c9329000000000000000000000000167a9333bf582556f35bd4d16a7e80e191aa6476000000000000000000000000571b7b69829ce2568b9bc3d32eaf7405dab76b21,,155284,33571,11803238,0x0f2c9329,"split(address targetFork, address targetNoFork)",0.29624718,sent,0xcd0a0175ce2267e37b7c622417b4b621571aa77d
332,4174876,1503092027,0xf6bc85b941898d1a2a28783e2a1235068a9911003618c1e3fd7640edd6af35cb,377524,0xbd0cb9880f187e075ceaf7e8a3bbfe014b7634181ef53723cbfbada970d44212,33,0xb2930b35844a230f00e51431acae96fe543a0347,0xcd0a0175ce2267e37b7c622417b4b621571aa77d,366736020000000000,100000,40000000000,0,,0x,,1194941,21000,11800527,0x,,0.36673602,received,0xcd0a0175ce2267e37b7c622417b4b621571aa77d
333,4174957,1503093516,0x17618d91d6a4edcc98438d2855647ba567f62960fc34385cf83e187de6879315,166,0xe3f5e21bf773e7211c3b41d01f79bb74e196a1ea0adf8c0e46c5eef040df29db,1,0xcd0a0175ce2267e37b7c622417b4b621571aa77d,0xabbb6bebfa05aa13e908eaa492bd7a8343760477,363378920000000000,100000,100000000000,0,,0x0f2c9329000000000000000000000000167a9333bf582556f35bd4d16a7e80e191aa6476000000000000000000000000571b7b69829ce2568b9bc3d32eaf7405dab76b21,,235127,33571,11800446,0x0f2c9329,"split(address targetFork, address targetNoFork)",0.36337892,sent,0xcd0a0175ce2267e37b7c622417b4b621571aa77d
334,4177740,1503150773,0x0eda87834daae7100e301fc81b6cbb43fd2c29452f5d97518b670b92b5aa7729,379217,0xa59480c5ceab56852141c0388d94ee11fd781655887b9f8abe8d5a4705bf8eb0,148,0xb2930b35844a230f00e51431acae96fe543a0347,0xcd0a0175ce2267e37b7c622417b4b621571aa77d,299844410000000000,100000,40000000000,0,,0x,,5931382,21000,11797663,0x,,0.29984441,received,0xcd0a0175ce2267e37b7c622417b4b621571aa77d
335,4177825,1503152441,0x3332f1751388e38452be28f3005acabf1ac672612782a0979909fbece4ae333d,167,0x8a1999ef2e02b2780feaff59428f22952038e7dd11ece16e9a32be5a746f9037,4,0xcd0a0175ce2267e37b7c622417b4b621571aa77d,0xabbb6bebfa05aa13e908eaa492bd7a8343760477,296487310000000000,100000,100000000000,0,,0x0f2c9329000000000000000000000000167a9333bf582556f35bd4d16a7e80e191aa6476000000000000000000000000571b7b69829ce2568b9bc3d32eaf7405dab76b21,,156178,33571,11797578,0x0f2c9329,"split(address targetFork, address targetNoFork)",0.29648731,sent,0xcd0a0175ce2267e37b7c622417b4b621571aa77d
336,4180408,1503206300,0xb4eed937e697bdb5a20a5e6b244109ffcfc8e76d53e6fa15f3ec1889f5b0b705,380912,0x227b820b7d64d2bb563b7055cd0abdab0de0bf844a2963fc04ff6028aba37cd4,84,0xb2930b35844a230f00e51431acae96fe543a0347,0xcd0a0175ce2267e37b7c622417b4b621571aa77d,323429070000000000,100000,40000000000,0,,0x,,4258975,21000,11794995,0x,,0.32342907,received,0xcd0a0175ce2267e37b7c622417b4b621571aa77d
337,4180474,1503207622,0xb77939da1bffcda4cce788eefa1151c5fa4607e855aa5d573ef102b8475f80f1,168,0xc03110dd8d478eb20f493bc7c215dbb7a230dedee32c27b906dc1bce72dac553,20,0xcd0a0175ce2267e37b7c622417b4b621571aa77d,0xabbb6bebfa05aa13e908eaa492bd7a8343760477,320071970000000000,100000,100000000000,0,,0x0f2c9329000000000000000000000000167a9333bf582556f35bd4d16a7e80e191aa6476000000000000000000000000571b7b69829ce2568b9bc3d32eaf7405dab76b21,,692420,33571,11794929,0x0f2c9329,"split(address targetFork, address targetNoFork)",0.32007197,sent,0xcd0a0175ce2267e37b7c622417b4b621571aa77d
338,4183101,1503261438,0x02f53d73af5c5e5b5c3e1a9a624aff9faaf9820e7cd9ce4d341997bd9c9c9311,382577,0x002d2be4f1268032f1b4faf8f15c0d982b0f06ec0f2fd3048765db06286dac6a,18,0xb2930b35844a230f00e51431acae96fe543a0347,0xcd0a0175ce2267e37b7c622417b4b621571aa77d,300577230000000000,100000,20000000000,0,,0x,,959366,21000,11792302,0x,,0.30057723,received,0xcd0a0175ce2267e37b7c622417b4b621571aa77d
339,4183155,1503262698,0x13c370f66d964d7ec2753d921fbd7727b478a60356534e83d9f6ac9022187988,169,0x78bcad0a7a7a45aa21fa568033a90157c8fde3a6cc52519235d0791384e1b997,1,0xcd0a0175ce2267e37b7c622417b4b621571aa77d,0xabbb6bebfa05aa13e908eaa492bd7a8343760477,297220130000000000,100000,100000000000,0,,0x0f2c9329000000000000000000000000167a9333bf582556f35bd4d16a7e80e191aa6476000000000000000000000000571b7b69829ce2568b9bc3d32eaf7405dab76b21,,85677,33571,11792248,0x0f2c9329,"split(address targetFork, address targetNoFork)",0.29722013,sent,0xcd0a0175ce2267e37b7c622417b4b621571aa77d
340,4185782,1503317577,0xb55e2f991f13004222400f90e8b5ae925b31820e6495fddefe0ec6967660f3d0,384729,0xacbdc681744dd2d734e5cd20b5f29ba587dd48a0ca89fe3530d7089f6c0eed39,82,0xb2930b35844a230f00e51431acae96fe543a0347,0xcd0a0175ce2267e37b7c622417b4b621571aa77d,301232120000000000,100000,20000000000,0,,0x,,5208935,21000,11789621,0x,,0.30123212,received,0xcd0a0175ce2267e37b7c622417b4b621571aa77d
341,4185836,1503318550,0xfd4d766e627d8d8ad0b6344790d552bf44f060b24f6c6d491e963934797e02b6,170,0x56cdfeff505a71870b73b15723e523633e946a2a87575f34da710f887055d484,1,0xcd0a0175ce2267e37b7c622417b4b621571aa77d,0xabbb6bebfa05aa13e908eaa492bd7a8343760477,297875020000000000,100000,100000000000,0,,0x0f2c9329000000000000000000000000167a9333bf582556f35bd4d16a7e80e191aa6476000000000000000000000000571b7b69829ce2568b9bc3d32eaf7405dab76b21,,54571,33571,11789567,0x0f2c9329,"split(address targetFork, address targetNoFork)",0.29787502,sent,0xcd0a0175ce2267e37b7c622417b4b621571aa77d
342,4188462,1503371589,0x540a567c92a970e3c8257e2052a6db4e8d04244ec7f4650a5ebb60c0a09ef5da,386629,0x9a57c9fe635916e3db7d1239c2e67633a956f535e9e348ca95adc26daae15207,56,0xb2930b35844a230f00e51431acae96fe543a0347,0xcd0a0175ce2267e37b7c622417b4b621571aa77d,300255480000000000,100000,20000000000,0,,0x,,4329238,21000,11786941,0x,,0.30025548,received,0xcd0a0175ce2267e37b7c622417b4b621571aa77d
343,4188521,1503372943,0x5e40f6326e3ae4902fedfbad589ea0d18ef4e0cddf8530b7b13c44d79df5fd14,171,0x385702f01b2f3915ea4f5c6fd95dc788e987b4a4e48aca1a3e13dd8579136b49,6,0xcd0a0175ce2267e37b7c622417b4b621571aa77d,0xabbb6bebfa05aa13e908eaa492bd7a8343760477,296898380000000000,100000,100000000000,0,,0x0f2c9329000000000000000000000000167a9333bf582556f35bd4d16a7e80e191aa6476000000000000000000000000571b7b69829ce2568b9bc3d32eaf7405dab76b21,,234997,33571,11786882,0x0f2c9329,"split(address targetFork, address targetNoFork)",0.29689838,sent,0xcd0a0175ce2267e37b7c622417b4b621571aa77d
344,4191173,1503428477,0x666c1ef906519dc1d1fb092ad01e3cb7e719ce92f66b49e12a3baf5395729ded,388540,0x6cb64c8cf14d3df25d7dc1289c766783c779f0a4fdfbade3f6f17e03accd6a9a,49,0xb2930b35844a230f00e51431acae96fe543a0347,0xcd0a0175ce2267e37b7c622417b4b621571aa77d,300102380000000000,100000,20000000000,0,,0x,,2108561,21000,11784230,0x,,0.30010238,received,0xcd0a0175ce2267e37b7c622417b4b621571aa77d
345,4191227,1503429404,0x675d01387f23f54ae7ebf55fe72ee3c10c28993f772d1b5181dab279915119a6,172,0x1e90802fbb5864326952b707ab965a32c32452b8ac197d9d52a531c36a80fd5b,5,0xcd0a0175ce2267e37b7c622417b4b621571aa77d,0xabbb6bebfa05aa13e908eaa492bd7a8343760477,296745280000000000,100000,100000000000,0,,0x0f2c9329000000000000000000000000167a9333bf582556f35bd4d16a7e80e191aa6476000000000000000000000000571b7b69829ce2568b9bc3d32eaf7405dab76b21,,201426,33571,11784176,0x0f2c9329,"split(address targetFork, address targetNoFork)",0.29674528,sent,0xcd0a0175ce2267e37b7c622417b4b621571aa77d
346,4193706,1503479516,0x89ac76eb9346e8b91cdc3b266c7bfbfa18c395bf5f9a0063b1aea3aa561d2fe9,390464,0xe871c70444d01a57eb971718f0fb0acff78ea5ad20d06bb1b82dcf9a9895de2d,36,0xb2930b35844a230f00e51431acae96fe543a0347,0xcd0a0175ce2267e37b7c622417b4b621571aa77d,303046610000000000,100000,20000000000,0,,0x,,777086,21000,11781697,0x,,0.30304661,received,0xcd0a0175ce2267e37b7c622417b4b621571aa77d
347,4193764,1503480622,0xa523738b3bdb0aadfd907a3cbd94b6800ff9c8e881bce2ba28738f7de642dd1b,173,0x1d3d2f42c0a39b91d5230b7fc3fe0d92aba818d8d9b7e36ac3605bb4ac9f7a6f,0,0xcd0a0175ce2267e37b7c622417b4b621571aa77d,0xabbb6bebfa05aa13e908eaa492bd7a8343760477,299689510000000000,100000,100000000000,0,,0x0f2c9329000000000000000000000000167a9333bf582556f35bd4d16a7e80e191aa6476000000000000000000000000571b7b69829ce2568b9bc3d32eaf7405dab76b21,,33571,33571,11781639,0x0f2c9329,"split(address targetFork, address targetNoFork)",0.29968951,sent,0xcd0a0175ce2267e37b7c622417b4b621571aa77d
348,4196678,1503540468,0x8cc968b89d76e28d0eb02e86ff19b778b7a58001ab5f8428ee6c511223127a6e,392283,0x8978ffd35bbe0fb917f9b8c318739b82481765fc284ca4003ad1732cccce7a12,123,0xb2930b35844a230f00e51431acae96fe543a0347,0xcd0a0175ce2267e37b7c622417b4b621571aa77d,299760280000000000,100000,20000000000,0,,0x,,6185536,21000,11778725,0x,,0.29976028,received,0xcd0a0175ce2267e37b7c622417b4b621571aa77d
349,4196737,1503541548,0xe3d02516ed15ed6d5bccecf7dcb62c99d03b426afe4a65ec454c5ab4666db348,174,0xa220148367a9caf77144411ef19fbef319c8f65e14c0e411a49e1d80894b4a20,4,0xcd0a0175ce2267e37b7c622417b4b621571aa77d,0xabbb6bebfa05aa13e908eaa492bd7a8343760477,296403180000000000,100000,100000000000,0,,0x0f2c9329000000000000000000000000167a9333bf582556f35bd4d16a7e80e191aa6476000000000000000000000000571b7b69829ce2568b9bc3d32eaf7405dab76b21,,167855,33571,11778666,0x0f2c9329,"split(address targetFork, address targetNoFork)",0.29640318,sent,0xcd0a0175ce2267e37b7c622417b4b621571aa77d
350,4199375,1503596907,0x03f1924734cb271d78261193e4f69a050f6534312d66f4797527577f7d9261cb,394087,0x014c902760d38fe368b9ec89a6c433622652b7b18a264d205f5e85627299dcf0,66,0xb2930b35844a230f00e51431acae96fe543a0347,0xcd0a0175ce2267e37b7c622417b4b621571aa77d,300445980000000000,100000,20000000000,0,,0x,,2082977,21000,11776028,0x,,0.30044598,received,0xcd0a0175ce2267e37b7c622417b4b621571aa77d
351,4199444,1503598074,0x1522331a16bdcb6dfba10b088e648a27724d6ebbe86079b9b964c3c17a8bdb53,175,0x083c71b4389df141a11a6de76af181af5ddd024f79d6085bd3619abc06c1f018,2,0xcd0a0175ce2267e37b7c622417b4b621571aa77d,0xabbb6bebfa05aa13e908eaa492bd7a8343760477,297088880000000000,100000,100000000000,0,,0x0f2c9329000000000000000000000000167a9333bf582556f35bd4d16a7e80e191aa6476000000000000000000000000571b7b69829ce2568b9bc3d32eaf7405dab76b21,,100713,33571,11775959,0x0f2c9329,"split(address targetFork, address targetNoFork)",0.29708888,sent,0xcd0a0175ce2267e37b7c622417b4b621571aa77d
352,4202302,1503662951,0xfc261db0e9348ccf7ad23d7b7ede0a7d612e6df0317c1ff7b15a9f642d138999,396097,0xd8339f2ef156a74e58ae75d8fadc9417c3c009dfea5afc7d2d712dbdfb9ef831,73,0xb2930b35844a230f00e51431acae96fe543a0347,0xcd0a0175ce2267e37b7c622417b4b621571aa77d,300396360000000000,100000,20000000000,0,,0x,,2164280,21000,11773101,0x,,0.30039636,received,0xcd0a0175ce2267e37b7c622417b4b621571aa77d
353,4202353,1503663998,0x2bca8876880feb2af41651368b0984a69d6b5b6236f743b32bd1fddb104c9553,176,0x5be6d052970dbb0f5378b28cd90d318c18484115981e2ff56eaf45345dc8cfcd,101,0xcd0a0175ce2267e37b7c622417b4b621571aa77d,0xabbb6bebfa05aa13e908eaa492bd7a8343760477,297039260000000000,100000,100000000000,0,,0x0f2c9329000000000000000000000000167a9333bf582556f35bd4d16a7e80e191aa6476000000000000000000000000571b7b69829ce2568b9bc3d32eaf7405dab76b21,,2567652,33571,11773050,0x0f2c9329,"split(address targetFork, address targetNoFork)",0.29703926,sent,0xcd0a0175ce2267e37b7c622417b4b621571aa77d
354,4204977,1503729463,0xdc1f32c0431ebae00b69ece23a5c9684da87237a53f24617a7e36588a35cba28,397791,0xf280266219631f56c68b622895c0e7579dee057739bd292a715aa8ac60408841,42,0xb2930b35844a230f00e51431acae96fe543a0347,0xcd0a0175ce2267e37b7c622417b4b621571aa77d,300471060000000000,100000,20000000000,0,,0x,,4381948,21000,11770426,0x,,0.30047106,received,0xcd0a0175ce2267e37b7c622417b4b621571aa77d
355,4205035,1503731076,0x80e2a6c67f3a603ad233e18d4d9a8eff75233ee822be81a462dcbb4cc360c334,177,0xeb9d537b664f260d39e703b4bca7c6c8b83d5992459cb55b94c89ef99cc0c231,5,0xcd0a0175ce2267e37b7c622417b4b621571aa77d,0xabbb6bebfa05aa13e908eaa492bd7a8343760477,297113960000000000,100000,100000000000,0,,0x0f2c9329000000000000000000000000167a9333bf582556f35bd4d16a7e80e191aa6476000000000000000000000000571b7b69829ce2568b9bc3d32eaf7405dab76b21,,201426,33571,11770368,0x0f2c9329,"split(address targetFork, address targetNoFork)",0.29711396,sent,0xcd0a0175ce2267e37b7c622417b4b621571aa77d
356,4207914,1503801815,0x152f99b6a9ec5db2ea14c1773115df4619b41c71d248b436b14d60e384693895,399595,0xc7ca5fb7fc67fe5db41b419922b039364e038a09e8a28e0e8b090dbcbc3ba81c,8,0xb2930b35844a230f00e51431acae96fe543a0347,0xcd0a0175ce2267e37b7c622417b4b621571aa77d,301171320000000000,100000,20000000000,0,,0x,,425166,21000,11767489,0x,,0.30117132,received,0xcd0a0175ce2267e37b7c622417b4b621571aa77d
357,4207970,1503803202,0x85fbad8688dd137f2fe9eef4b573cbbbdbe82e978ecd8f1707d747316c54c7f5,178,0x840fe1655e596af22d3954291cdce210fda16809d0eaf7a0d8850f23ed6494d3,1,0xcd0a0175ce2267e37b7c622417b4b621571aa77d,0xabbb6bebfa05aa13e908eaa492bd7a8343760477,297814220000000000,100000,100000000000,0,,0x0f2c9329000000000000000000000000167a9333bf582556f35bd4d16a7e80e191aa6476000000000000000000000000571b7b69829ce2568b9bc3d32eaf7405dab76b21,,54571,33571,11767433,0x0f2c9329,"split(address targetFork, address targetNoFork)",0.29781422,sent,0xcd0a0175ce2267e37b7c622417b4b621571aa77d
358,4210349,1503861271,0x9c993863d35fe16dda68ef5e0f57eae76951dac10a970732a314f2e2716eda80,401349,0xdfe3b6445a4fe7db6a1df3f98ff711d66529870cff831b4736ae5575c293dff6,29,0xb2930b35844a230f00e51431acae96fe543a0347,0xcd0a0175ce2267e37b7c622417b4b621571aa77d,301470590000000000,100000,20000000000,0,,0x,,997531,21000,11765054,0x,,0.30147059,received,0xcd0a0175ce2267e37b7c622417b4b621571aa77d
359,4210402,1503862705,0x2282917c66330ee94573278dcc19709ded07870366243b577b78b0d7edd1f48a,179,0xefcb7617e5d86643540a91aaacafb4a0375421f4baa130f6e30a32edf748efcf,1,0xcd0a0175ce2267e37b7c622417b4b621571aa77d,0xabbb6bebfa05aa13e908eaa492bd7a8343760477,298113490000000000,100000,100000000000,0,,0x0f2c9329000000000000000000000000167a9333bf582556f35bd4d16a7e80e191aa6476000000000000000000000000571b7b69829ce2568b9bc3d32eaf7405dab76b21,,67142,33571,11765001,0x0f2c9329,"split(address targetFork, address targetNoFork)",0.29811349,sent,0xcd0a0175ce2267e37b7c622417b4b621571aa77d
360,4213055,1503929355,0x019f872045d10b16770518140cfc475792b2c989f233199708c459b87268b910,403486,0x992e8ecc23156366671b3d8ac088a3715f506b43cadad326ca8f88ce7f9704a5,55,0xb2930b35844a230f00e51431acae96fe543a0347,0xcd0a0175ce2267e37b7c622417b4b621571aa77d,304558610000000000,100000,20000000000,0,,0x,,3851807,21000,11762348,0x,,0.30455861,received,0xcd0a0175ce2267e37b7c622417b4b621571aa77d
361,4215147,1503981022,0x34a92a154f7196aa366a4c61df430a70e4583fb89a7f57ca4c94ae0bc24b4eb4,180,0x9f6e9aa8c196cf9e299754c5fd12fe2933acd71e02077aa9c8d75f55b8dc8b53,114,0xcd0a0175ce2267e37b7c622417b4b621571aa77d,0xabbb6bebfa05aa13e908eaa492bd7a8343760477,301201510000000000,500000,20000000000,0,,0x0f2c9329000000000000000000000000167a9333bf582556f35bd4d16a7e80e191aa6476000000000000000000000000571b7b69829ce2568b9bc3d32eaf7405dab76b21,,4200369,33571,11760256,0x0f2c9329,"split(address targetFork, address targetNoFork)",0.30120151,sent,0xcd0a0175ce2267e37b7c622417b4b621571aa77d
362,4215681,1503994011,0x6b943834613999b2a4528402c71848b67378650e80b2e800db6bd81d28d5629f,405416,0xa55c6187c3bfe64cee417768d1e21d0034efbb38e3d5ab0bdd5e7448a84742aa,15,0xb2930b35844a230f00e51431acae96fe543a0347,0xcd0a0175ce2267e37b7c622417b4b621571aa77d,300471520000000000,100000,40000000000,0,,0x,,617936,21000,11759722,0x,,0.30047152,received,0xcd0a0175ce2267e37b7c622417b4b621571aa77d
363,4216050,1504002880,0xdc6ab99a6baa0ddd65c705dd1930482aa4d52944c82ffdd246c3165dfc918c43,181,0xf8b50b718e54b2ee42013a44324c2d69e1749cecdf9acfa2a59c96a7ed6bc1a2,83,0xcd0a0175ce2267e37b7c622417b4b621571aa77d,0xabbb6bebfa05aa13e908eaa492bd7a8343760477,299800100000000000,500000,20000000000,0,,0x0f2c9329000000000000000000000000167a9333bf582556f35bd4d16a7e80e191aa6476000000000000000000000000571b7b69829ce2568b9bc3d32eaf7405dab76b21,,3199740,33571,11759353,0x0f2c9329,"split(address targetFork, address targetNoFork)",0.2998001,sent,0xcd0a0175ce2267e37b7c622417b4b621571aa77d
364,4218274,1504057090,0x4e4732718049e0d47fa6dfefa79420a8dc7a86265b37299dd32e4c1e250c4e1c,407300,0x5bc8b94fb4d1a573c13faaf274b9eab3258a110f79c33010f42a1ed1d0555da6,23,0xb2930b35844a230f00e51431acae96fe543a0347,0xcd0a0175ce2267e37b7c622417b4b621571aa77d,299872030000000000,100000,40000000000,0,,0x,,602344,21000,11757129,0x,,0.29987203,received,0xcd0a0175ce2267e37b7c622417b4b621571aa77d
365,4218326,1504058183,0xde3d8e3b18281d3986caed19ce8579ddab1de6d31020dd5d1b3487db8bb2a00b,182,0x092faa526a34dc2d9af859006113e7347e8f970faed648cb1c4730fd7f4bbf83,58,0xcd0a0175ce2267e37b7c622417b4b621571aa77d,0xabbb6bebfa05aa13e908eaa492bd7a8343760477,299200610000000000,250000,40000000000,0,,0x0f2c9329000000000000000000000000167a9333bf582556f35bd4d16a7e80e191aa6476000000000000000000000000571b7b69829ce2568b9bc3d32eaf7405dab76b21,,1653997,33571,11757077,0x0f2c9329,"split(address targetFork, address targetNoFork)",0.29920061,sent,0xcd0a0175ce2267e37b7c622417b4b621571aa77d
366,4220887,1504121594,0x98a0df823e98515bf7bb78f207173a3525dbc9461bb42fe3ee9cd57737dffe78,409527,0x779caab364230f3e20bb200638953a8e617ffcd5215dc1959673aebeb40a23b8,11,0xb2930b35844a230f00e51431acae96fe543a0347,0xcd0a0175ce2267e37b7c622417b4b621571aa77d,299133000000000000,100000,40000000000,0,,0x,,314786,21000,11754516,0x,,0.299133,received,0xcd0a0175ce2267e37b7c622417b4b621571aa77d
367,4220939,1504122707,0xc4e561a3eb96f84822b48655d00d52a158c68b7cd6a9c8ade484ddfbf0248a7e,183,0x6f22e2add3edf49180150988f678173c0411861fb5c7c7f340f20e3f5619f048,6,0xcd0a0175ce2267e37b7c622417b4b621571aa77d,0xabbb6bebfa05aa13e908eaa492bd7a8343760477,297790160000000000,250000,40000000000,0,,0x0f2c9329000000000000000000000000167a9333bf582556f35bd4d16a7e80e191aa6476000000000000000000000000571b7b69829ce2568b9bc3d32eaf7405dab76b21,,1003704,33571,11754464,0x0f2c9329,"split(address targetFork, address targetNoFork)",0.29779016,sent,0xcd0a0175ce2267e37b7c622417b4b621571aa77d
368,4224110,1504201195,0x9a495944290b69754eeb5259826d22c77d76479f70c38090e97f54d595e90fea,411703,0xd7727de43e509dc6534366f49efd143d565d103c5479bfb62d92d7b86389476f,4,0xb2930b35844a230f00e51431acae96fe543a0347,0xcd0a0175ce2267e37b7c622417b4b621571aa77d,300501540000000000,100000,40000000000,0,,0x,,326217,21000,11751293,0x,,0.30050154,received,0xcd0a0175ce2267e37b7c622417b4b621571aa77d
369,4225167,1504227304,0xc257ac39375707036343c8b67bac4ce1d77f928f9749364311e592bc4ac04609,184,0xc7c19a153b8603b9e6201f8ef1bffba1295b27757063ae38f8324437595e8fd2,18,0xcd0a0175ce2267e37b7c622417b4b621571aa77d,0xabbb6bebfa05aa13e908eaa492bd7a8343760477,299158700000000000,250000,40000000000,0,,0x0f2c9329000000000000000000000000167a9333bf582556f35bd4d16a7e80e191aa6476000000000000000000000000571b7b69829ce2568b9bc3d32eaf7405dab76b21,,580578,33571,11750236,0x0f2c9329,"split(address targetFork, address targetNoFork)",0.2991587,sent,0xcd0a0175ce2267e37b7c622417b4b621571aa77d
370,4226953,1504270657,0x9ddef6e4a7498fca96dcc7662115b83fb24b503416e2f572346fde3b00bc61b2,413949,0xa98bf010ed578529a0cf573e3a0fd65645431be387d09b3188e5df48d336d663,45,0xb2930b35844a230f00e51431acae96fe543a0347,0xcd0a0175ce2267e37b7c622417b4b621571aa77d,299288960000000000,100000,40000000000,0,,0x,,1876824,21000,11748450,0x,,0.29928896,received,0xcd0a0175ce2267e37b7c622417b4b621571aa77d
371,4227004,1504271836,0x814bf3a800b409184a5c9d4d7c4609a11f5a17ee1040c8763608353a5ea316bc,185,0x74b1691909786fb821fa619c7110d9cfdecd209be4b11f9d8b4f7a3e71ea985b,9,0xcd0a0175ce2267e37b7c622417b4b621571aa77d,0xabbb6bebfa05aa13e908eaa492bd7a8343760477,297946120000000000,250000,40000000000,0,,0x0f2c9329000000000000000000000000167a9333bf582556f35bd4d16a7e80e191aa6476000000000000000000000000571b7b69829ce2568b9bc3d32eaf7405dab76b21,,272855,33571,11748399,0x0f2c9329,"split(address targetFork, address targetNoFork)",0.29794612,sent,0xcd0a0175ce2267e37b7c622417b4b621571aa77d
372,4229713,1504338711,0x9330edb1a6c24f670d2e101c3a7f165d178b1de84bec1e971d0ae30aeb2f9e1d,416082,0x48649190fde2b0452c09449caa93798e1e6a21e36665e1a85642f4fe26fa6920,5,0xb2930b35844a230f00e51431acae96fe543a0347,0xcd0a0175ce2267e37b7c622417b4b621571aa77d,300819270000000000,100000,40000000000,0,,0x,,126000,21000,11745690,0x,,0.30081927,received,0xcd0a0175ce2267e37b7c622417b4b621571aa77d
373,4229766,1504339815,0xa6a116eefaeafaf8faa4266cdb41d7fe158f1ce286674930622866a309f54c55,186,0x0cc87b54ea650212c822181fb6d81b67b318ecd03a92eb64fa9b9ba38759de33,7,0xcd0a0175ce2267e37b7c622417b4b621571aa77d,0xabbb6bebfa05aa13e908eaa492bd7a8343760477,299476430000000000,250000,40000000000,0,,0x0f2c9329000000000000000000000000167a9333bf582556f35bd4d16a7e80e191aa6476000000000000000000000000571b7b69829ce2568b9bc3d32eaf7405dab76b21,,308912,33571,11745637,0x0f2c9329,"split(address targetFork, address targetNoFork)",0.29947643,sent,0xcd0a0175ce2267e37b7c622417b4b621571aa77d
374,4232655,1504410479,0x0069b3c56543a6e3ac0b2d4241d158c8cf9dc18a8a7f8b534774f0331a046a93,418251,0x67eb52c44695efd3b27d19fdef843695f352b26f4ee962acab2faa8b36827994,98,0xb2930b35844a230f00e51431acae96fe543a0347,0xcd0a0175ce2267e37b7c622417b4b621571aa77d,299998320000000000,100000,40000000000,0,,0x,,6579564,21000,11742748,0x,,0.29999832,received,0xcd0a0175ce2267e37b7c622417b4b621571aa77d
375,4232748,1504412561,0xd483fc17f9ead00e85073ac114816dda73fa8423418b22ca13419a2bc84ffd1c,187,0x1476abf412dfdd150364ec095cad67529803b0ad6adec302c7ed074b71397291,3,0xcd0a0175ce2267e37b7c622417b4b621571aa77d,0xabbb6bebfa05aa13e908eaa492bd7a8343760477,298655480000000000,250000,40000000000,0,,0x0f2c9329000000000000000000000000167a9333bf582556f35bd4d16a7e80e191aa6476000000000000000000000000571b7b69829ce2568b9bc3d32eaf7405dab76b21,,121713,33571,11742655,0x0f2c9329,"split(address targetFork, address targetNoFork)",0.29865548,sent,0xcd0a0175ce2267e37b7c622417b4b621571aa77d
376,4235772,1504486441,0xa663df55ea90df6a3785b4bff507d880aafcc21af05c13bd3b9061d07135ea82,420549,0x8c5be309cc36691c71d5022355d8e032dbd00484bfa02185f561bab8c0623e26,72,0xb2930b35844a230f00e51431acae96fe543a0347,0xcd0a0175ce2267e37b7c622417b4b621571aa77d,304456850000000000,100000,40000000000,0,,0x,,5103782,21000,11739631,0x,,0.30445685,received,0xcd0a0175ce2267e37b7c622417b4b621571aa77d
377,4235822,1504487460,0xe6e54ca1d9ed1e2e7f6a265b0abda75908648a11b45f92022006297a43cb49f8,188,0x5324259f17912e5a1a4ca3bb501594861107a850c05eb33a008bf028c01e4433,62,0xcd0a0175ce2267e37b7c622417b4b621571aa77d,0xabbb6bebfa05aa13e908eaa492bd7a8343760477,303114010000000000,50000,35000000000,1,,0x0f2c9329000000000000000000000000167a9333bf582556f35bd4d16a7e80e191aa6476000000000000000000000000571b7b69829ce2568b9bc3d32eaf7405dab76b21,,1690743,50000,11739581,0x0f2c9329,"split(address targetFork, address targetNoFork)",0.30311401,sent,0xcd0a0175ce2267e37b7c622417b4b621571aa77d
378,4239080,1504567225,0x4b1bda44c9566255cd0b4e156714d66242b05ee0d87388e403ba6062b00a2d58,422701,0xb6057eb8673e639ac69ecfa5bc24d1a6cfdeabca41e1591018366e818836c720,113,0xb2930b35844a230f00e51431acae96fe543a0347,0xcd0a0175ce2267e37b7c622417b4b621571aa77d,299151130000000000,100000,40000000000,0,,0x,,4440662,21000,11736323,0x,,0.29915113,received,0xcd0a0175ce2267e37b7c622417b4b621571aa77d
379,4239133,1504568587,0x50b9177f332cb36fafebdd0344364cf01ab19b9b666d9b782cc12cd26f7a7eb1,189,0x84331b3107e28d75d81bff0d3c5da5f995b79e9f6a1fefcb01e77c03b33117c5,22,0xcd0a0175ce2267e37b7c622417b4b621571aa77d,0xabbb6bebfa05aa13e908eaa492bd7a8343760477,600515140000000000,50000,35000000000,1,,0x0f2c9329000000000000000000000000167a9333bf582556f35bd4d16a7e80e191aa6476000000000000000000000000571b7b69829ce2568b9bc3d32eaf7405dab76b21,,903624,50000,11736270,0x0f2c9329,"split(address targetFork, address targetNoFork)",0.60051514,sent,0xcd0a0175ce2267e37b7c622417b4b621571aa77d
380,4242089,1504641167,0xb861fe7149be77b4e22cfff02618ce905d51afa90fd071fe100f81980c08a2e3,424799,0x6293250188dbf48ca13756d7e6038fddd92cd01b5aa050e3c84350a0e0cbb9a6,2,0xb2930b35844a230f00e51431acae96fe543a0347,0xcd0a0175ce2267e37b7c622417b4b621571aa77d,301116000000000000,100000,40000000000,0,,0x,,94222,21000,11733314,0x,,0.301116,received,0xcd0a0175ce2267e37b7c622417b4b621571aa77d
381,4242145,1504642312,0x81d1f181951890e1032b72e49df90db1f605f489686c7f6ebf70d3ffb732a040,190,0x9b733f20b57690beb50d29445788ca243934ce395d7a868e26d4a1621ccb78f0,56,0xcd0a0175ce2267e37b7c622417b4b621571aa77d,0xabbb6bebfa05aa13e908eaa492bd7a8343760477,899881140000000000,50000,35000000000,1,,0x0f2c9329000000000000000000000000167a9333bf582556f35bd4d16a7e80e191aa6476000000000000000000000000571b7b69829ce2568b9bc3d32eaf7405dab76b21,,1318614,50000,11733258,0x0f2c9329,"split(address targetFork, address targetNoFork)",0.89988114,sent,0xcd0a0175ce2267e37b7c622417b4b621571aa77d
382,4245075,1504714893,0x60fdf1fa4fa02e743ec9a744a8ebc6a6584c2789a9b1ea21a9e777f3c830ee12,426937,0x2ba17879669cb315f720b20d5a669f5446a3f09cb43394320060ea757a25d65e,41,0xb2930b35844a230f00e51431acae96fe543a0347,0xcd0a0175ce2267e37b7c622417b4b621571aa77d,301293210000000000,100000,40000000000,0,,0x,,1135868,21000,11730328,0x,,0.30129321,received,0xcd0a0175ce2267e37b7c622417b4b621571aa77d
383,4245129,1504715998,0x9c4e0e7d89de413ae3923272f74ce8d571a495021561c66b7f79aa07a29a08c2,191,0xf7cf52cd7979f1777861923d0862a3262918bfc8a243ca15f8cf05ceb766a100,106,0xcd0a0175ce2267e37b7c622417b4b621571aa77d,0xabbb6bebfa05aa13e908eaa492bd7a8343760477,1199424350000000000,150000,35000000000,0,,0x0f2c9329000000000000000000000000167a9333bf582556f35bd4d16a7e80e191aa6476000000000000000000000000571b7b69829ce2568b9bc3d32eaf7405dab76b21,,6334510,33571,11730274,0x0f2c9329,"split(address targetFork, address targetNoFork)",1.19942435,sent,0xcd0a0175ce2267e37b7c622417b4b621571aa77d
384,4247971,1504785507,0xac520ab40a0dfff7df156dc95c5cad75eba70a1d3cfe919e04ec530eee4de014,429125,0x5ac00724eb4fde0d43d06356346d200768761ad14a8e455e2dd5353bc3bf3646,35,0xb2930b35844a230f00e51431acae96fe543a0347,0xcd0a0175ce2267e37b7c622417b4b621571aa77d,302452070000000000,100000,40000000000,0,,0x,,1733160,21000,11727432,0x,,0.30245207,received,0xcd0a0175ce2267e37b7c622417b4b621571aa77d
385,4248022,1504786739,0x235261f5020f8f10c105cdf42468adc41d7eed71bcb4936e0c9476af9a5d8136,192,0x71162b1ff4dea52f7d91c33cf096b5d6a62ef57d36c2d90861087e575458387f,35,0xcd0a0175ce2267e37b7c622417b4b621571aa77d,0xabbb6bebfa05aa13e908eaa492bd7a8343760477,301277085000000000,150000,35000000000,0,,0x0f2c9329000000000000000000000000167a9333bf582556f35bd4d16a7e80e191aa6476000000000000000000000000571b7b69829ce2568b9bc3d32eaf7405dab76b21,,1231407,33571,11727381,0x0f2c9329,"split(address targetFork, address targetNoFork)",0.301277085,sent,0xcd0a0175ce2267e37b7c622417b4b621571aa77d
386,4250961,1504856877,0xec66786660451a031e3e4e23145f3e49520ea195d5a0337fde360c31b8f56bef,431156,0x2081111a9a8b78f5c9652d8723975f2cf04a64f311269a69951b20502786f02d,110,0xb2930b35844a230f00e51431acae96fe543a0347,0xcd0a0175ce2267e37b7c622417b4b621571aa77d,300519240000000000,100000,40000000000,0,,0x,,4351517,21000,11724442,0x,,0.30051924,received,0xcd0a0175ce2267e37b7c622417b4b621571aa77d
387,4251014,1504858089,0xff954a2408dfed92db77a00007890a50597c986ffafc997a2a5e870939fe528d,193,0x163ba777fd5f18f9168304c05b4901bc8bd38745e708eeeb815f511b31f9f3d6,45,0xcd0a0175ce2267e37b7c622417b4b621571aa77d,0xabbb6bebfa05aa13e908eaa492bd7a8343760477,299344255000000000,150000,35000000000,0,,0x0f2c9329000000000000000000000000167a9333bf582556f35bd4d16a7e80e191aa6476000000000000000000000000571b7b69829ce2568b9bc3d32eaf7405dab76b21,,2171833,33571,11724389,0x0f2c9329,"split(address targetFork, address targetNoFork)",0.299344255,sent,0xcd0a0175ce2267e37b7c622417b4b621571aa77d
388,4254237,1504936289,0xf90a4ee7e9f4c827fb46d835cb01731051a8c6b4629fc7ca205bff6e4619efb3,433221,0xa40eed93c32b444568b35e8e64bdc4f850cf93e397394b4e485f3e900f6f9f6a,79,0xb2930b35844a230f00e51431acae96fe543a0347,0xcd0a0175ce2267e37b7c622417b4b621571aa77d,299967390000000000,100000,40000000000,0,,0x,,3962835,21000,11721166,0x,,0.29996739,received,0xcd0a0175ce2267e37b7c622417b4b621571aa77d
389,4254290,1504937867,0x8fbd571b92b9f3bfdf312bf290be78350bb848bbb4c1ef4617ae496c3e3d9ce0,194,0x77e67dca110bcc6cae83abe060e7492a065223fe510dce0415990691661678a6,85,0xcd0a0175ce2267e37b7c622417b4b621571aa77d,0xabbb6bebfa05aa13e908eaa492bd7a8343760477,298792405000000000,150000,35000000000,0,,0x0f2c9329000000000000000000000000167a9333bf582556f35bd4d16a7e80e191aa6476000000000000000000000000571b7b69829ce2568b9bc3d32eaf7405dab76b21,,3756697,33571,11721113,0x0f2c9329,"split(address targetFork, address targetNoFork)",0.298792405,sent,0xcd0a0175ce2267e37b7c622417b4b621571aa77d
390,4257441,1505014379,0x8678be88433048976c5cdc8bb5653e2088c57d7c99ba724e37a2349fbcda0bf0,435265,0xbe1873697dbc48b4849781d8570998b11ebeb17e91c82e32ac6745608c0ac723,25,0xb2930b35844a230f00e51431acae96fe543a0347,0xcd0a0175ce2267e37b7c622417b4b621571aa77d,299329160000000000,100000,40000000000,0,,0x,,578316,21000,11717962,0x,,0.29932916,received,0xcd0a0175ce2267e37b7c622417b4b621571aa77d
391,4257493,1505015487,0x64129783c905c6517b65a19f7789ac64679d314c390e5480c53650f2f01b5cd0,195,0x05e45de898ba2b776cc771fcf435317f0754fc3bddfd68ee826704b48c029ed8,24,0xcd0a0175ce2267e37b7c622417b4b621571aa77d,0xabbb6bebfa05aa13e908eaa492bd7a8343760477,298154175000000000,150000,35000000000,0,,0x0f2c9329000000000000000000000000167a9333bf582556f35bd4d16a7e80e191aa6476000000000000000000000000571b7b69829ce2568b9bc3d32eaf7405dab76b21,,646269,33571,11717910,0x0f2c9329,"split(address targetFork, address targetNoFork)",0.298154175,sent,0xcd0a0175ce2267e37b7c622417b4b621571aa77d
392,4260530,1505088446,0x3eb0839b7f763ba812baaf818838265d03266a934a9dcb5fb4a8d69d336aaa9e,437263,0xfc2091a99f2b51f30737621025e4a2888ae2c413d5cccfa5b245602a894db226,1,0xb2930b35844a230f00e51431acae96fe543a0347,0xcd0a0175ce2267e37b7c622417b4b621571aa77d,300959050000000000,100000,40000000000,0,,0x,,58065,21000,11714873,0x,,0.30095905,received,0xcd0a0175ce2267e37b7c622417b4b621571aa77d
393,4260581,1505089946,0x77a12ece6ef4519725a4aa535140ab8b846444307f6c1ad3d19ffe374814db2c,196,0x544ee7d5ef79814555ef88f5d2b9316031b979711e1ce4ca43a4c2d6854fb9fa,11,0xcd0a0175ce2267e37b7c622417b4b621571aa77d,0xabbb6bebfa05aa13e908eaa492bd7a8343760477,299784065000000000,150000,35000000000,0,,0x0f2c9329000000000000000000000000167a9333bf582556f35bd4d16a7e80e191aa6476000000000000000000000000571b7b69829ce2568b9bc3d32eaf7405dab76b21,,308602,33571,11714822,0x0f2c9329,"split(address targetFork, address targetNoFork)",0.299784065,sent,0xcd0a0175ce2267e37b7c622417b4b621571aa77d
394,4263623,1505164229,0x83f44eab38ab93235dcae923d15231e373890b22ed0b723a43dd50f6b4de72e4,439522,0x642e22851849f80ffbb5767937c992928d20db263aec2be0e4a52ddc9fb62759,15,0xb2930b35844a230f00e51431acae96fe543a0347,0xcd0a0175ce2267e37b7c622417b4b621571aa77d,302787280000000000,100000,40000000000,0,,0x,,754725,21000,11711780,0x,,0.30278728,received,0xcd0a0175ce2267e37b7c622417b4b621571aa77d
395,4263677,1505165319,0x7bd96b556f4f007733b99894cd781f077f21060e1516c2a63bf1ff3c5ff8df19,197,0xfd15176ad130c1b7539e59e8779a49e3bcc16d50647dc962dd726ed49bb51055,16,0xcd0a0175ce2267e37b7c622417b4b621571aa77d,0xabbb6bebfa05aa13e908eaa492bd7a8343760477,301612295000000000,150000,35000000000,0,,0x0f2c9329000000000000000000000000167a9333bf582556f35bd4d16a7e80e191aa6476000000000000000000000000571b7b69829ce2568b9bc3d32eaf7405dab76b21,,504490,33571,11711726,0x0f2c9329,"split(address targetFork, address targetNoFork)",0.301612295,sent,0xcd0a0175ce2267e37b7c622417b4b621571aa77d
396,4266744,1505239418,0x20fcebf79a920f7bd06c4d2cfacc7362aba2078b2ca8d70099244cc41d07b90a,441714,0x607ee4768afba50e07e2e5cb90b91699caf292a4266546d3a45437c38856bdf6,15,0xb2930b35844a230f00e51431acae96fe543a0347,0xcd0a0175ce2267e37b7c622417b4b621571aa77d,299687570000000000,100000,40000000000,0,,0x,,407847,21000,11708659,0x,,0.29968757,received,0xcd0a0175ce2267e37b7c622417b4b621571aa77d
397,4266797,1505240718,0x7c630da34448c5470c1cf401b209bb01188a978e6b0aa3926fc4d9b6766bf940,198,0xb722755e6b8b4de6ca06a96683fed584ac79cc185ab67f52ccbeebf243f0e812,37,0xcd0a0175ce2267e37b7c622417b4b621571aa77d,0xabbb6bebfa05aa13e908eaa492bd7a8343760477,298512585000000000,150000,35000000000,0,,0x0f2c9329000000000000000000000000167a9333bf582556f35bd4d16a7e80e191aa6476000000000000000000000000571b7b69829ce2568b9bc3d32eaf7405dab76b21,,2881906,33571,11708606,0x0f2c9329,"split(address targetFork, address targetNoFork)",0.298512585,sent,0xcd0a0175ce2267e37b7c622417b4b621571aa77d
398,4270079,1505320016,0xa3b70b88d45605fdd964ad13aa6e5d20bd21a5bd4640b65287633518e48335fe,443936,0xe945cd13947681f84b9c3bd32c011c68f0dfd6b1da7ef658f1f6221fcee9a970,28,0xb2930b35844a230f00e51431acae96fe543a0347,0xcd0a0175ce2267e37b7c622417b4b621571aa77d,299259560000000000,100000,40000000000,0,,0x,,1058035,21000,11705324,0x,,0.29925956,received,0xcd0a0175ce2267e37b7c622417b4b621571aa77d
399,4270132,1505321041,0x8bac88ebd490f39b5237e9e3cdcc85d2bbc5d9708286e22aaa6be9bc20ad7f58,199,0xf575b28303effe47647dbd742c77dcd7c9da780e0769bdad0e72dfec7aba7ea2,9,0xcd0a0175ce2267e37b7c622417b4b621571aa77d,0xabbb6bebfa05aa13e908eaa492bd7a8343760477,298084575000000000,150000,35000000000,0,,0x0f2c9329000000000000000000000000167a9333bf582556f35bd4d16a7e80e191aa6476000000000000000000000000571b7b69829ce2568b9bc3d32eaf7405dab76b21,,361312,33571,11705271,0x0f2c9329,"split(address targetFork, address targetNoFork)",0.298084575,sent,0xcd0a0175ce2267e37b7c622417b4b621571aa77d
400,4273413,1505400747,0x14aede5a884451d2d245255c31ce507f3d2b8e22e882da447840a032cb091d9b,446214,0x84af15b8798b9c404aa82284879967938061ba3b91bc2e3ea6eac7e225e0e852,21,0xb2930b35844a230f00e51431acae96fe543a0347,0xcd0a0175ce2267e37b7c622417b4b621571aa77d,301884160000000000,100000,40000000000,0,,0x,,495377,21000,11701990,0x,,0.30188416,received,0xcd0a0175ce2267e37b7c622417b4b621571aa77d
401,4273467,1505401917,0xa3bd5258c8c72afa978afb1b7fca3d5d51239251aa7b1c37417e74e5ebf370b7,200,0x7fd219022d7c5fde2d7097d3e1e8d393deb7c986d5d9a66bd538ff869de1e852,31,0xcd0a0175ce2267e37b7c622417b4b621571aa77d,0xabbb6bebfa05aa13e908eaa492bd7a8343760477,300709175000000000,150000,35000000000,0,,0x0f2c9329000000000000000000000000167a9333bf582556f35bd4d16a7e80e191aa6476000000000000000000000000571b7b69829ce2568b9bc3d32eaf7405dab76b21,,995654,33571,11701936,0x0f2c9329,"split(address targetFork, address targetNoFork)",0.300709175,sent,0xcd0a0175ce2267e37b7c622417b4b621571aa77d
402,4279829,1505554439,0xc58c8eaa69b51a1984d19c28ae3dd4efcab5152c81eddfb953b2ce03f536694f,450183,0xf50cd2607840e4ca7cc1d056d64bbfe4f52931eb9426bb018f25f26bd728c12d,85,0xb2930b35844a230f00e51431acae96fe543a0347,0xcd0a0175ce2267e37b7c622417b4b621571aa77d,302327180000000000,100000,40000000000,0,,0x,,2740454,21000,11695574,0x,,0.30232718,received,0xcd0a0175ce2267e37b7c622417b4b621571aa77d
403,4279882,1505555721,0xb4c077f1ac84ffdc6267b3ef2ea00705cd80c49b3910998418317438028314c6,201,0xb29f7b40afc5fbfafe3d5d1708e02995720d53a4b8a9ff0f68a9289a9e24a350,118,0xcd0a0175ce2267e37b7c622417b4b621571aa77d,0xabbb6bebfa05aa13e908eaa492bd7a8343760477,301152195000000000,150000,35000000000,0,,0x0f2c9329000000000000000000000000167a9333bf582556f35bd4d16a7e80e191aa6476000000000000000000000000571b7b69829ce2568b9bc3d32eaf7405dab76b21,,3626026,33571,11695521,0x0f2c9329,"split(address targetFork, address targetNoFork)",0.301152195,sent,0xcd0a0175ce2267e37b7c622417b4b621571aa77d
404,4282560,1505618834,0x865920718ca87fd9f23564e7d8adb8c8b230dcb69715e0fc071154cdf680ed1f,452196,0x28c69fba45d6203ef5deb5f24fb12e354bfd165bc4a6834bfcaf4a1373270a73,70,0xb2930b35844a230f00e51431acae96fe543a0347,0xcd0a0175ce2267e37b7c622417b4b621571aa77d,300076010000000000,100000,40000000000,0,,0x,,5815304,21000,11692843,0x,,0.30007601,received,0xcd0a0175ce2267e37b7c622417b4b621571aa77d
405,4282614,1505620612,0xf433925d9a68b20b16c9499ca812dcc857b742cd71cba63be394ea0847284927,202,0x37fddb276f4e88c297581c09338304d0cbad2ed2c0f1623c93999d84ffcce95e,76,0xcd0a0175ce2267e37b7c622417b4b621571aa77d,0xabbb6bebfa05aa13e908eaa492bd7a8343760477,298901025000000000,150000,35000000000,0,,0x0f2c9329000000000000000000000000167a9333bf582556f35bd4d16a7e80e191aa6476000000000000000000000000571b7b69829ce2568b9bc3d32eaf7405dab76b21,,2392864,33571,11692789,0x0f2c9329,"split(address targetFork, address targetNoFork)",0.298901025,sent,0xcd0a0175ce2267e37b7c622417b4b621571aa77d
406,4285710,1505694028,0xc51933b444a4ba3fd98780da8ebe646b41c2560e22fb553fcc484441aa9c0c4e,454241,0xd46878234190a6ee59f1e1c5944375f182c7a0d731e7a27ea6e285703b187a0f,91,0xb2930b35844a230f00e51431acae96fe543a0347,0xcd0a0175ce2267e37b7c622417b4b621571aa77d,299676850000000000,100000,40000000000,0,,0x,,6547329,21000,11689693,0x,,0.29967685,received,0xcd0a0175ce2267e37b7c622417b4b621571aa77d
407,4285762,1505695179,0xcc7fa0d6a36139ee6258ba0066b939161f0c0b04d84e6d18bf44ea5375e84cd5,203,0xd393794c6e597399c382591aeaa7919f387cfaf5df8d54835014c2db99b3c01f,76,0xcd0a0175ce2267e37b7c622417b4b621571aa77d,0xabbb6bebfa05aa13e908eaa492bd7a8343760477,298501865000000000,150000,35000000000,0,,0x0f2c9329000000000000000000000000167a9333bf582556f35bd4d16a7e80e191aa6476000000000000000000000000571b7b69829ce2568b9bc3d32eaf7405dab76b21,,2010424,33571,11689641,0x0f2c9329,"split(address targetFork, address targetNoFork)",0.298501865,sent,0xcd0a0175ce2267e37b7c622417b4b621571aa77d
408,4289068,1505776020,0x4c6493ca5f38f354192dad9c93d843aeff4c3e15aa7b175027b65604f3bef417,456536,0x55f977c181d76532fe1bec04ba3121a8f45021889eef083f0184d7140e14447f,13,0xb2930b35844a230f00e51431acae96fe543a0347,0xcd0a0175ce2267e37b7c622417b4b621571aa77d,300545880000000000,100000,40000000000,0,,0x,,353317,21000,11686335,0x,,0.30054588,received,0xcd0a0175ce2267e37b7c622417b4b621571aa77d
409,4289118,1505777049,0x705c6249430bad54016c5329ea4e0646a296c095b7e9d431a80cb125cb8c0db2,204,0xc0ef2ad01a3f5174d6e899210ceb718888e11f4e471418614ef397970f8ae9c5,8,0xcd0a0175ce2267e37b7c622417b4b621571aa77d,0xabbb6bebfa05aa13e908eaa492bd7a8343760477,299370895000000000,150000,35000000000,0,,0x0f2c9329000000000000000000000000167a9333bf582556f35bd4d16a7e80e191aa6476000000000000000000000000571b7b69829ce2568b9bc3d32eaf7405dab76b21,,333626,33571,11686285,0x0f2c9329,"split(address targetFork, address targetNoFork)",0.299370895,sent,0xcd0a0175ce2267e37b7c622417b4b621571aa77d
410,4292656,1505861297,0xe38480436765beaa5d37620e3260b9d37d7a902ef77cf5beebeaefc03a0dca25,458983,0xd2898fc917b5175844a0039f305afb9ab7a4780d44146f91e5ff6f82e568ac22,16,0xb2930b35844a230f00e51431acae96fe543a0347,0xcd0a0175ce2267e37b7c622417b4b621571aa77d,300637260000000000,100000,40000000000,0,,0x,,449631,21000,11682747,0x,,0.30063726,received,0xcd0a0175ce2267e37b7c622417b4b621571aa77d
411,4292708,1505862443,0xfdae93f58ae3047850e262668d0e74cf40b440482f33ffb4bf90612b01a6f094,205,0x6af6c353a2bc7111240b699456cdd077664355d7713588ea451c52fd7f5adacf,17,0xcd0a0175ce2267e37b7c622417b4b621571aa77d,0xabbb6bebfa05aa13e908eaa492bd7a8343760477,299462275000000000,150000,35000000000,0,,0x0f2c9329000000000000000000000000167a9333bf582556f35bd4d16a7e80e191aa6476000000000000000000000000571b7b69829ce2568b9bc3d32eaf7405dab76b21,,573647,33571,11682695,0x0f2c9329,"split(address targetFork, address targetNoFork)",0.299462275,sent,0xcd0a0175ce2267e37b7c622417b4b621571aa77d
412,4295858,1505938417,0xf019e6882be07bdb0bc9a740022e90e3916ea83393291bee63bf200b02eb72fb,461164,0xbc8d7312854d264e65c39c980c5e4b849e40745ad967dabaceaf6e4d41b03257,19,0xb2930b35844a230f00e51431acae96fe543a0347,0xcd0a0175ce2267e37b7c622417b4b621571aa77d,300246250000000000,100000,40000000000,0,,0x,,653991,21000,11679545,0x,,0.30024625,received,0xcd0a0175ce2267e37b7c622417b4b621571aa77d
413,4295911,1505939667,0xcb334b4fe1a5e0a6a6e1b1dd2bb222060771e5c3bb0a3dabc266b0a2f23ae3c7,206,0xce7267004fb158e266b716562a0aed7b41459bafaa3d6599982f856aa11b0b24,11,0xcd0a0175ce2267e37b7c622417b4b621571aa77d,0xabbb6bebfa05aa13e908eaa492bd7a8343760477,299071265000000000,150000,35000000000,0,,0x0f2c9329000000000000000000000000167a9333bf582556f35bd4d16a7e80e191aa6476000000000000000000000000571b7b69829ce2568b9bc3d32eaf7405dab76b21,,677267,33571,11679492,0x0f2c9329,"split(address targetFork, address targetNoFork)",0.299071265,sent,0xcd0a0175ce2267e37b7c622417b4b621571aa77d
414,4299482,1506024551,0x2247da039d4aab8ef00b23e3f7aae6802ebfdb9f7f5a32f892b925e7182306a5,463338,0xb13f4f0376f0b60d8f2b7a11d25a4bebf0d35769b8d2600ad74dd3259fb30524,68,0xb2930b35844a230f00e51431acae96fe543a0347,0xcd0a0175ce2267e37b7c622417b4b621571aa77d,299431830000000000,100000,40000000000,0,,0x,,3051257,21000,11675921,0x,,0.29943183,received,0xcd0a0175ce2267e37b7c622417b4b621571aa77d
415,4299533,1506025592,0x8fa07ab157146d7995ae97698cafc9a129f6daac25f5c001a0ee591b2bb4f2ac,207,0xfc7933b77711537472d01957bc0b2a6a43090fd54facdbcfa3933a681fbc1ac3,7,0xcd0a0175ce2267e37b7c622417b4b621571aa77d,0xabbb6bebfa05aa13e908eaa492bd7a8343760477,298256845000000000,150000,35000000000,0,,0x0f2c9329000000000000000000000000167a9333bf582556f35bd4d16a7e80e191aa6476000000000000000000000000571b7b69829ce2568b9bc3d32eaf7405dab76b21,,321913,33571,11675870,0x0f2c9329,"split(address targetFork, address targetNoFork)",0.298256845,sent,0xcd0a0175ce2267e37b7c622417b4b621571aa77d
416,4302716,1506113785,0xaf4617f310bf5cb7f7b6d37d74656a259de1812986b010dfe815f8eb4f23bb16,465492,0xa65ba8433dcb1cc12a6c0c3b1dfd3ffb300307249f98730596eb00b4ac69f4a8,9,0xb2930b35844a230f00e51431acae96fe543a0347,0xcd0a0175ce2267e37b7c622417b4b621571aa77d,299075480000000000,100000,40000000000,0,,0x,,372596,21000,11672687,0x,,0.29907548,received,0xcd0a0175ce2267e37b7c622417b4b621571aa77d
417,4302772,1506115345,0x9a8216740b8bddf8d3347ab86f8f199838aea8fc25aea2cb7318c7e83a263a11,208,0xe48eb914f0dcdf2555b5890945f97d97cd687a472173c46ea9d2202948a1f29e,6,0xcd0a0175ce2267e37b7c622417b4b621571aa77d,0xabbb6bebfa05aa13e908eaa492bd7a8343760477,297900495000000000,150000,35000000000,0,,0x0f2c9329000000000000000000000000167a9333bf582556f35bd4d16a7e80e191aa6476000000000000000000000000571b7b69829ce2568b9bc3d32eaf7405dab76b21,,271142,33571,11672631,0x0f2c9329,"split(address targetFork, address targetNoFork)",0.297900495,sent,0xcd0a0175ce2267e37b7c622417b4b621571aa77d
418,4305840,1506207498,0x64b6a574a6d53b544a60162367cb0bb373829f595348cc3d588b9536ef113aff,467747,0x4e3283ded615bc68f1014390eb8dd2fa94547367dfa31420707af4b4eafb7379,63,0xb2930b35844a230f00e51431acae96fe543a0347,0xcd0a0175ce2267e37b7c622417b4b621571aa77d,300453840000000000,100000,40000000000,0,,0x,,1785539,21000,11669563,0x,,0.30045384,received,0xcd0a0175ce2267e37b7c622417b4b621571aa77d
419,4305895,1506209274,0x5d467a66113630e04e07048b7d4032632c74ac0758f61e375124ca29c70d957d,209,0x60aed7a6433ad643205da82289dfc605149aa9f37ca96dcfef02fde55236aa7e,30,0xcd0a0175ce2267e37b7c622417b4b621571aa77d,0xabbb6bebfa05aa13e908eaa492bd7a8343760477,299278855000000000,150000,35000000000,0,,0x0f2c9329000000000000000000000000167a9333bf582556f35bd4d16a7e80e191aa6476000000000000000000000000571b7b69829ce2568b9bc3d32eaf7405dab76b21,,1051411,33571,11669508,0x0f2c9329,"split(address targetFork, address targetNoFork)",0.299278855,sent,0xcd0a0175ce2267e37b7c622417b4b621571aa77d
420,4309165,1506304908,0x22c2c91fa0bd86afedb2082009822976e5713cd4bab8af20a7593d00846ea8fc,470203,0x6b40481f58f4e974f07c970c62545e27bfc3fc2b9070b9579c9c0a7f932d0141,80,0xb2930b35844a230f00e51431acae96fe543a0347,0xcd0a0175ce2267e37b7c622417b4b621571aa77d,300945470000000000,100000,40000000000,0,,0x,,3528963,21000,11666238,0x,,0.30094547,received,0xcd0a0175ce2267e37b7c622417b4b621571aa77d
421,4309217,1506306776,0xd3fe40775865047f0558c8ed4d898f57042b898acec7fa0052a4dfb238a5b1f3,210,0x3fac3351456f863de53f1e560d9cd8c952bef35c434edc790b23a6f91c844b06,28,0xcd0a0175ce2267e37b7c622417b4b621571aa77d,0xabbb6bebfa05aa13e908eaa492bd7a8343760477,299770485000000000,150000,35000000000,0,,0x0f2c9329000000000000000000000000167a9333bf582556f35bd4d16a7e80e191aa6476000000000000000000000000571b7b69829ce2568b9bc3d32eaf7405dab76b21,,1475917,33571,11666186,0x0f2c9329,"split(address targetFork, address targetNoFork)",0.299770485,sent,0xcd0a0175ce2267e37b7c622417b4b621571aa77d
422,4312748,1506413837,0xde4c6d3e81c4cf5098b45c0f9172a202c7fe7f7a7ee60dfd88c8a58d6c6705fe,472860,0x3a23214fa9ddbaabb9020ab54cf753f2c171f4a3bc605bcaff22b28d27f92a1e,113,0xb2930b35844a230f00e51431acae96fe543a0347,0xcd0a0175ce2267e37b7c622417b4b621571aa77d,301231100000000000,100000,40000000000,0,,0x,,2691341,21000,11662655,0x,,0.3012311,received,0xcd0a0175ce2267e37b7c622417b4b621571aa77d
423,4312823,1506416020,0x3dcde562e8be6ccb4b55560072ec4cde46b681191a4cb2e50d36a56460f1583d,211,0xf03278cb94b06bbe4780a37f7d2f4bc23a23c7acf93655b64c2eee21a8047a8d,34,0xcd0a0175ce2267e37b7c622417b4b621571aa77d,0xabbb6bebfa05aa13e908eaa492bd7a8343760477,300056115000000000,150000,35000000000,0,,0x0f2c9329000000000000000000000000167a9333bf582556f35bd4d16a7e80e191aa6476000000000000000000000000571b7b69829ce2568b9bc3d32eaf7405dab76b21,,1036106,33571,11662580,0x0f2c9329,"split(address targetFork, address targetNoFork)",0.300056115,sent,0xcd0a0175ce2267e37b7c622417b4b621571aa77d
424,4315518,1506496732,0xf1f6c5e9f6a1d6fc4a9c80c04e3e081c9cf4ca7603d56e7a30561c962d76ddb1,475278,0xa2fe256a49caf11a8eb39a7b2720fcf5be8f3742ec46e2fc9e2ea1d0e69e5c0d,66,0xb2930b35844a230f00e51431acae96fe543a0347,0xcd0a0175ce2267e37b7c622417b4b621571aa77d,299548650000000000,100000,40000000000,0,,0x,,2205711,21000,11659885,0x,,0.29954865,received,0xcd0a0175ce2267e37b7c622417b4b621571aa77d
425,4315576,1506498084,0xd47a24c5c4580a465b0778c8490a0df85ebe81d18da3f00c2e241fa34ea97225,212,0xe77311eabf7f5f286b19bc93a0d2b0f909b81a1942cb2f94df4ae7da752d3dac,16,0xcd0a0175ce2267e37b7c622417b4b621571aa77d,0xabbb6bebfa05aa13e908eaa492bd7a8343760477,298373665000000000,150000,35000000000,0,,0x0f2c9329000000000000000000000000167a9333bf582556f35bd4d16a7e80e191aa6476000000000000000000000000571b7b69829ce2568b9bc3d32eaf7405dab76b21,,566816,33571,11659827,0x0f2c9329,"split(address targetFork, address targetNoFork)",0.298373665,sent,0xcd0a0175ce2267e37b7c622417b4b621571aa77d
426,4318469,1506584634,0xaa79b6f6911f477b67d8bb37f304592ac44d1f4e1f9c03e185b754e523058c85,477796,0x1540cb06ed12e3f446abebaff74fdaa2bf7d6555b142a59182e60fead252c15d,79,0xb2930b35844a230f00e51431acae96fe543a0347,0xcd0a0175ce2267e37b7c622417b4b621571aa77d,299415510000000000,100000,40000000000,0,,0x,,3356267,21000,11656934,0x,,0.29941551,received,0xcd0a0175ce2267e37b7c622417b4b621571aa77d
427,4318521,1506586149,0x3c7442c020b056e40c04834aa507946cab1ab22e1987474274a3bbe52041d54c,213,0x46a2904a4b90aab87bdb520b20a01a58b53e66d0372201deebf2dbb3dbf9ec98,12,0xcd0a0175ce2267e37b7c622417b4b621571aa77d,0xabbb6bebfa05aa13e908eaa492bd7a8343760477,298240525000000000,150000,35000000000,0,,0x0f2c9329000000000000000000000000167a9333bf582556f35bd4d16a7e80e191aa6476000000000000000000000000571b7b69829ce2568b9bc3d32eaf7405dab76b21,,593780,33571,11656882,0x0f2c9329,"split(address targetFork, address targetNoFork)",0.298240525,sent,0xcd0a0175ce2267e37b7c622417b4b621571aa77d
428,4321133,1506666484,0xa154696f2fa0a4bcea9396abb3159b26f938cb5a0215d1cf25fda997871fa2b9,480211,0x38012533692bd2e2bac53ece6ea21d85c3af74e5a24b5edc678a94e367a4ddb0,44,0xb2930b35844a230f00e51431acae96fe543a0347,0xcd0a0175ce2267e37b7c622417b4b621571aa77d,299689920000000000,100000,40000000000,0,,0x,,1746814,21000,11654270,0x,,0.29968992,received,0xcd0a0175ce2267e37b7c622417b4b621571aa77d
429,4321184,1506667846,0xaa82126b7e5a16e28438657ee309900e1c01c6a2532f9e075d4150b512ba8b32,214,0x510646e8ca5d5617051cefef8023576aa9e4bae9e50a0426dca3d5b7d1d03b8b,16,0xcd0a0175ce2267e37b7c622417b4b621571aa77d,0xabbb6bebfa05aa13e908eaa492bd7a8343760477,298514935000000000,150000,35000000000,0,,0x0f2c9329000000000000000000000000167a9333bf582556f35bd4d16a7e80e191aa6476000000000000000000000000571b7b69829ce2568b9bc3d32eaf7405dab76b21,,723303,33571,11654219,0x0f2c9329,"split(address targetFork, address targetNoFork)",0.298514935,sent,0xcd0a0175ce2267e37b7c622417b4b621571aa77d
430,4321850,1506688092,0x8c18acc7189230fc50b1b5f739f2c6fe7cb3d0eb7ef0118353727a64c5e45bde,480832,0x40a60927b5d658e8dd90fe22cb25d3f5935e53432f7521562db44f5f4c15b3fa,82,0xb2930b35844a230f00e51431acae96fe543a0347,0xcd0a0175ce2267e37b7c622417b4b621571aa77d,67036340000000000,100000,40000000000,0,,0x,,3123121,21000,11653553,0x,,0.06703634,received,0xcd0a0175ce2267e37b7c622417b4b621571aa77d
431,4321902,1506689989,0x7b148354dd4ade9149cd18adb93ade6e5b11b9dbf99a907659effc6530dc8766,215,0x5c52a6f62c6b2256811ccdcae6904bdc8a5774847c73fd6b90edd5cca6be95f7,14,0xcd0a0175ce2267e37b7c622417b4b621571aa77d,0xabbb6bebfa05aa13e908eaa492bd7a8343760477,65861355000000000,150000,35000000000,0,,0x0f2c9329000000000000000000000000167a9333bf582556f35bd4d16a7e80e191aa6476000000000000000000000000571b7b69829ce2568b9bc3d32eaf7405dab76b21,,814240,33571,11653501,0x0f2c9329,"split(address targetFork, address targetNoFork)",0.065861355,sent,0xcd0a0175ce2267e37b7c622417b4b621571aa77d
432,4326642,1506833643,0x55f729f1ebc8445daeaafd904029cdaaf8306a3308f5009644277437cdb4214c,484585,0xba85b5435617063437de51dfd0c6f98daec1bb90d5df435a5df0337ce46f8454,17,0xb2930b35844a230f00e51431acae96fe543a0347,0xcd0a0175ce2267e37b7c622417b4b621571aa77d,299192290000000000,100000,40000000000,0,,0x,,472793,21000,11648761,0x,,0.29919229,received,0xcd0a0175ce2267e37b7c622417b4b621571aa77d
433,4326694,1506835594,0xc372ff8b29d210c03ae476e6afa8fa4dbaaa770797820c5e22ee622b4858b616,216,0x6432aac0512df102e705c6300d6d84b52eeca2ec5c15dcc442cf2f5fc1069940,11,0xcd0a0175ce2267e37b7c622417b4b621571aa77d,0xabbb6bebfa05aa13e908eaa492bd7a8343760477,298017305000000000,150000,35000000000,0,,0x0f2c9329000000000000000000000000167a9333bf582556f35bd4d16a7e80e191aa6476000000000000000000000000571b7b69829ce2568b9bc3d32eaf7405dab76b21,,932006,33571,11648709,0x0f2c9329,"split(address targetFork, address targetNoFork)",0.298017305,sent,0xcd0a0175ce2267e37b7c622417b4b621571aa77d
434,4330230,1506940977,0x955b9d33efc1e937828ba49833a36a1b02943c6ee1fb8d870567e7790d0f1dee,487312,0x54aa2fe408f97530341cbf4e927622b67e891839f6ac2e8668bc48dc59375471,25,0xb2930b35844a230f00e51431acae96fe543a0347,0xcd0a0175ce2267e37b7c622417b4b621571aa77d,299184300000000000,100000,40000000000,0,,0x,,546000,21000,11645173,0x,,0.2991843,received,0xcd0a0175ce2267e37b7c622417b4b621571aa77d
435,4330284,1506942760,0x6dd4c8c4da61f38eca6a374441b6e230fb5aa7ff477479ca46ffc4b874277e50,217,0x376ccb27e0598fde1c3b3877ea514da59a0eb0232a3a8e56867cbd094ea36f07,33,0xcd0a0175ce2267e37b7c622417b4b621571aa77d,0xabbb6bebfa05aa13e908eaa492bd7a8343760477,298009315000000000,150000,35000000000,0,,0x0f2c9329000000000000000000000000167a9333bf582556f35bd4d16a7e80e191aa6476000000000000000000000000571b7b69829ce2568b9bc3d32eaf7405dab76b21,,1364117,33571,11645119,0x0f2c9329,"split(address targetFork, address targetNoFork)",0.298009315,sent,0xcd0a0175ce2267e37b7c622417b4b621571aa77d
436,4333319,1507036447,0xc8634465b1ff776c796402eb0f9ec0f0ad0b7613d11d543c86c5aefb7c7b6ca2,489881,0x91c36ff99c725a2998a9aab9a9c7cc36327a3894509b3d65cc5711880ac9289b,37,0xb2930b35844a230f00e51431acae96fe543a0347,0xcd0a0175ce2267e37b7c622417b4b621571aa77d,299156240000000000,100000,40000000000,0,,0x,,1913292,21000,11642084,0x,,0.29915624,received,0xcd0a0175ce2267e37b7c622417b4b621571aa77d
437,4333369,1507037906,0xe8de955fedf08b838a7bd87ca03a1002728595d03b18d98ee5761c5830ed6583,218,0x2171f8d4e9ee763b397a4112699322b943fdf4c75850c0a2078a85a34c5e71af,15,0xcd0a0175ce2267e37b7c622417b4b621571aa77d,0xabbb6bebfa05aa13e908eaa492bd7a8343760477,297981255000000000,150000,35000000000,0,,0x0f2c9329000000000000000000000000167a9333bf582556f35bd4d16a7e80e191aa6476000000000000000000000000571b7b69829ce2568b9bc3d32eaf7405dab76b21,,560793,33571,11642034,0x0f2c9329,"split(address targetFork, address targetNoFork)",0.297981255,sent,0xcd0a0175ce2267e37b7c622417b4b621571aa77d
438,4336514,1507131136,0x9dbca36c684eb35d3c621f9b32c579f3aa311e31c4637f7c0dc1ec0629954f11,492344,0x12c12efe0f7b6bed2f2c8db87c34faa6b913848400e073081657a95888c15d3b,22,0xb2930b35844a230f00e51431acae96fe543a0347,0xcd0a0175ce2267e37b7c622417b4b621571aa77d,299176060000000000,100000,40000000000,0,,0x,,709199,21000,11638889,0x,,0.29917606,received,0xcd0a0175ce2267e37b7c622417b4b621571aa77d
439,4336634,1507135069,0x206201720818d6936123b39a967025d3a54bc9e1e71770564a2b939dcab9e0ab,219,0xd56963d3612e9ca0f3e4519408ced9e04bd3944391f9302b98d042556d177c51,20,0xcd0a0175ce2267e37b7c622417b4b621571aa77d,0xabbb6bebfa05aa13e908eaa492bd7a8343760477,298001075000000000,150000,35000000000,0,,0x0f2c9329000000000000000000000000167a9333bf582556f35bd4d16a7e80e191aa6476000000000000000000000000571b7b69829ce2568b9bc3d32eaf7405dab76b21,,850085,33571,11638769,0x0f2c9329,"split(address targetFork, address targetNoFork)",0.298001075,sent,0xcd0a0175ce2267e37b7c622417b4b621571aa77d
440,4339800,1507229012,0x3646b2cb7d5fdeddb71b74f8bdb8cb3cb065d72a2691e81857c59a719b35c6df,494909,0xa35f638789e0b0013d7590ae6cc563ee6ab9ee1224044adef0a0b0ba4669529e,32,0xb2930b35844a230f00e51431acae96fe543a0347,0xcd0a0175ce2267e37b7c622417b4b621571aa77d,300821430000000000,100000,40000000000,0,,0x,,1491972,21000,11635603,0x,,0.30082143,received,0xcd0a0175ce2267e37b7c622417b4b621571aa77d
441,4339850,1507230923,0x6aca61ffcb8c7c811fa80b73cf55d5d2c41b7ce8f5bb61dcf76c4cee015d57f0,220,0xae6faecedc7727746d176b877aa0ae35d9697d0b8fff72267bc2dd05d6b6ed2f,57,0xcd0a0175ce2267e37b7c622417b4b621571aa77d,0xabbb6bebfa05aa13e908eaa492bd7a8343760477,299646445000000000,150000,35000000000,0,,0x0f2c9329000000000000000000000000167a9333bf582556f35bd4d16a7e80e191aa6476000000000000000000000000571b7b69829ce2568b9bc3d32eaf7405dab76b21,,4112384,33571,11635553,0x0f2c9329,"split(address targetFork, address targetNoFork)",0.299646445,sent,0xcd0a0175ce2267e37b7c622417b4b621571aa77d
442,4342770,1507318352,0x3928cc071d622f742eaf639e23a36b4d78fb2f478c2f19f0c02d28cfba400978,497256,0x646e8be591bc67a37b4f514ba5646203242bdcb54b8f8fe6dd3b15abc5c0a00d,26,0xb2930b35844a230f00e51431acae96fe543a0347,0xcd0a0175ce2267e37b7c622417b4b621571aa77d,299960930000000000,100000,40000000000,0,,0x,,1681648,21000,11632633,0x,,0.29996093,received,0xcd0a0175ce2267e37b7c622417b4b621571aa77d
443,4342824,1507319933,0x508a42d231b3c2d8b82235dd88381e38a9da3c8be8e1d8eab743c88bfed8a166,221,0xb32e3e577d180b1373739d5fa67d17e4c53da40ffe36180cc88e6c66afe69ed7,44,0xcd0a0175ce2267e37b7c622417b4b621571aa77d,0xabbb6bebfa05aa13e908eaa492bd7a8343760477,298785945000000000,150000,35000000000,0,,0x0f2c9329000000000000000000000000167a9333bf582556f35bd4d16a7e80e191aa6476000000000000000000000000571b7b69829ce2568b9bc3d32eaf7405dab76b21,,1964288,33571,11632579,0x0f2c9329,"split(address targetFork, address targetNoFork)",0.298785945,sent,0xcd0a0175ce2267e37b7c622417b4b621571aa77d
444,4345555,1507402585,0xc161f2fa060826ec89cec55a1a96a34ec4d5f0645ead088fa15dbf49dcacf3b1,499641,0x752edfc7a8845867dedbf3c5c23822760abee93ae494d4dacf1ec23af71e413c,14,0xb2930b35844a230f00e51431acae96fe543a0347,0xcd0a0175ce2267e37b7c622417b4b621571aa77d,299694020000000000,100000,40000000000,0,,0x,,807002,21000,11629848,0x,,0.29969402,received,0xcd0a0175ce2267e37b7c622417b4b621571aa77d
445,4345606,1507404122,0xf5a72aaeb04c8090c58420f001a900c5c6702ff064ab1123c2452fc8e8291c96,222,0xcfade695f0f4060e7831e43a6c5451c0cfa1e18c95bb7609b283814275901524,25,0xcd0a0175ce2267e37b7c622417b4b621571aa77d,0xabbb6bebfa05aa13e908eaa492bd7a8343760477,298519035000000000,150000,35000000000,0,,0x0f2c9329000000000000000000000000167a9333bf582556f35bd4d16a7e80e191aa6476000000000000000000000000571b7b69829ce2568b9bc3d32eaf7405dab76b21,,851826,33571,11629797,0x0f2c9329,"split(address targetFork, address targetNoFork)",0.298519035,sent,0xcd0a0175ce2267e37b7c622417b4b621571aa77d
446,4348491,1507490588,0x4afa31c1ef3cf374bbb292c9e5a2ae99a0dc3535b454817ffcd8394e10198b3b,501961,0x0d89ad728414f388b09ea7cfc87571f8eb1b6af5bff8777951500eaa8cd85c89,8,0xb2930b35844a230f00e51431acae96fe543a0347,0xcd0a0175ce2267e37b7c622417b4b621571aa77d,300091810000000000,100000,40000000000,0,,0x,,189000,21000,11626912,0x,,0.30009181,received,0xcd0a0175ce2267e37b7c622417b4b621571aa77d
447,4348541,1507492158,0xee7c4cf04a7547e6142f8cf12388a73ae43f39bbbbe92073df670515bbca4df4,223,0x567d1532e8957921e905ebbce862707961c47be2f0e42017d7ea7f5ed0663463,14,0xcd0a0175ce2267e37b7c622417b4b621571aa77d,0xabbb6bebfa05aa13e908eaa492bd7a8343760477,298916825000000000,150000,35000000000,0,,0x0f2c9329000000000000000000000000167a9333bf582556f35bd4d16a7e80e191aa6476000000000000000000000000571b7b69829ce2568b9bc3d32eaf7405dab76b21,,599366,33571,11626862,0x0f2c9329,"split(address targetFork, address targetNoFork)",0.298916825,sent,0xcd0a0175ce2267e37b7c622417b4b621571aa77d
448,4352657,1507615929,0xdb6115e80f3b4ae54680cdfdc15ea4a97451226c26a1e46fb89ac58825c1bbf7,505476,0x8df38f6fbdb76125a6eb937275db0205276002deb0fc394f5f43717022bae4e8,82,0xb2930b35844a230f00e51431acae96fe543a0347,0xcd0a0175ce2267e37b7c622417b4b621571aa77d,301176860000000000,100000,40000000000,0,,0x,,5041256,21000,11622746,0x,,0.30117686,received,0xcd0a0175ce2267e37b7c622417b4b621571aa77d
449,4352707,1507617562,0x436f54481ac3fd808ec3d5eb1fc241c016f5bfd32f4e4160d3a18da058279e47,224,0x1882dae90173af969e25ed54133f793ae21d14806e0e1b68c481d0ccd657cd34,120,0xcd0a0175ce2267e37b7c622417b4b621571aa77d,0xabbb6bebfa05aa13e908eaa492bd7a8343760477,300001875000000000,150000,35000000000,0,,0x0f2c9329000000000000000000000000167a9333bf582556f35bd4d16a7e80e191aa6476000000000000000000000000571b7b69829ce2568b9bc3d32eaf7405dab76b21,,4242806,33571,11622696,0x0f2c9329,"split(address targetFork, address targetNoFork)",0.300001875,sent,0xcd0a0175ce2267e37b7c622417b4b621571aa77d
450,4355706,1507706261,0x3baa2b06d5dd9628433429b9db29124ea227a42d9553ad60aa177fcf80b42746,507997,0xc7ad8dfa7841ba934656682115dfb210e0bcfd253d5a5e1ee5527dec0e6e67f3,38,0xb2930b35844a230f00e51431acae96fe543a0347,0xcd0a0175ce2267e37b7c622417b4b621571aa77d,301371680000000000,100000,40000000000,0,,0x,,2989842,21000,11619697,0x,,0.30137168,received,0xcd0a0175ce2267e37b7c622417b4b621571aa77d
451,4355760,1507708215,0x0c5d5c78ff151b3b03230e7cf96c76f2d65298ac42b801dc8d8c85a0ed53e2a3,225,0x8f73122aeb122528c7147afa2a63ce7980fe6c5ef2c2fdc9ed1e70b5d52b4a63,8,0xcd0a0175ce2267e37b7c622417b4b621571aa77d,0xabbb6bebfa05aa13e908eaa492bd7a8343760477,300196695000000000,150000,35000000000,0,,0x0f2c9329000000000000000000000000167a9333bf582556f35bd4d16a7e80e191aa6476000000000000000000000000571b7b69829ce2568b9bc3d32eaf7405dab76b21,,327064,33571,11619643,0x0f2c9329,"split(address targetFork, address targetNoFork)",0.300196695,sent,0xcd0a0175ce2267e37b7c622417b4b621571aa77d
452,4357938,1507772648,0x1424b05736ea9ef60ff805622ca03c6efe5d41863d38a9cc2868101a7a648972,510186,0xa91f25c62e1088f044df475379243490a2edf8b496bff1e904ace90e87c33b2d,10,0xb2930b35844a230f00e51431acae96fe543a0347,0xcd0a0175ce2267e37b7c622417b4b621571aa77d,299464110000000000,100000,40000000000,0,,0x,,243392,21000,11617465,0x,,0.29946411,received,0xcd0a0175ce2267e37b7c622417b4b621571aa77d
453,4357990,1507773900,0x2458b1f8abad6fcd9f94277511b807b55cb5666e3093cbdb9ab1f9892da40382,226,0xa1e5fbc72318ff4ba9ffb4873326f9ae9a321b99916bb69a25dfb103319e6804,14,0xcd0a0175ce2267e37b7c622417b4b621571aa77d,0xabbb6bebfa05aa13e908eaa492bd7a8343760477,298289125000000000,150000,35000000000,0,,0x0f2c9329000000000000000000000000167a9333bf582556f35bd4d16a7e80e191aa6476000000000000000000000000571b7b69829ce2568b9bc3d32eaf7405dab76b21,,728569,33571,11617413,0x0f2c9329,"split(address targetFork, address targetNoFork)",0.298289125,sent,0xcd0a0175ce2267e37b7c622417b4b621571aa77d
454,4360581,1507851087,0xe4afc1e43332637eceb64c3da0fbbe2f624f7f83fc92f09cb3d740a3439d92b6,512753,0x13dd80192b44829f9f7df8ec19650a1e9d39641fc83d95b8740debe52146bcb7,22,0xb2930b35844a230f00e51431acae96fe543a0347,0xcd0a0175ce2267e37b7c622417b4b621571aa77d,300233240000000000,100000,40000000000,0,,0x,,921674,21000,11614822,0x,,0.30023324,received,0xcd0a0175ce2267e37b7c622417b4b621571aa77d
455,4360631,1507852526,0xb38e678019866ffc0c410ff84b63cc14ba5f0faac47cd40aed0a8b34beb5186e,227,0xa8ed255a0d1d5ec147cbba6ab5d255f501b41b1274c7fc29a6ce71aabc16adad,16,0xcd0a0175ce2267e37b7c622417b4b621571aa77d,0xabbb6bebfa05aa13e908eaa492bd7a8343760477,299058255000000000,150000,35000000000,0,,0x0f2c9329000000000000000000000000167a9333bf582556f35bd4d16a7e80e191aa6476000000000000000000000000571b7b69829ce2568b9bc3d32eaf7405dab76b21,,891397,33571,11614772,0x0f2c9329,"split(address targetFork, address targetNoFork)",0.299058255,sent,0xcd0a0175ce2267e37b7c622417b4b621571aa77d
456,4364212,1507959157,0x469187a0f1d875b47ffce61ae929bf7030187d192f8fff8f1c68b696100328dc,516113,0xca8316994429b4be31922fd7f8945ba7baca74eb2f251c07e40b96ef4b85cae0,7,0xb2930b35844a230f00e51431acae96fe543a0347,0xcd0a0175ce2267e37b7c622417b4b621571aa77d,299103440000000000,100000,40000000000,0,,0x,,171824,21000,11611191,0x,,0.29910344,received,0xcd0a0175ce2267e37b7c622417b4b621571aa77d
457,4364262,1507960660,0x9d14b7d0b5e736c3d56f012f61239c4f4a1ae6b3e7265dae1dc6a5bed419958c,228,0x297e8082eea11b58d74aeb68a7471de0e040a900e9cbb0d5bbf1281f96082b41,19,0xcd0a0175ce2267e37b7c622417b4b621571aa77d,0xabbb6bebfa05aa13e908eaa492bd7a8343760477,297928455000000000,150000,35000000000,0,,0x0f2c9329000000000000000000000000167a9333bf582556f35bd4d16a7e80e191aa6476000000000000000000000000571b7b69829ce2568b9bc3d32eaf7405dab76b21,,943794,33571,11611141,0x0f2c9329,"split(address targetFork, address targetNoFork)",0.297928455,sent,0xcd0a0175ce2267e37b7c622417b4b621571aa77d
458,4367245,1508049823,0x7ac433bc6f5f3446a7274e45f45f771bea939e44d2bc0f755cb699b88fd31d2c,518962,0x40b328ce1ad294b3e1a1bba40b691c91acdb8a5a191cf6ac57d75233aad98a7e,29,0xb2930b35844a230f00e51431acae96fe543a0347,0xcd0a0175ce2267e37b7c622417b4b621571aa77d,300816630000000000,100000,40000000000,0,,0x,,1265667,21000,11608158,0x,,0.30081663,received,0xcd0a0175ce2267e37b7c622417b4b621571aa77d
459,4367299,1508051197,0x767e4edde5f2e16b516302d1cace26f909b08e1647dc58df1870eda03074d7f1,229,0xd0c7b1797cd05e002971283a6d1b7522685eeb0fbb57961b3a3c23a7d6be7fc0,53,0xcd0a0175ce2267e37b7c622417b4b621571aa77d,0xabbb6bebfa05aa13e908eaa492bd7a8343760477,299641645000000000,150000,35000000000,0,,0x0f2c9329000000000000000000000000167a9333bf582556f35bd4d16a7e80e191aa6476000000000000000000000000571b7b69829ce2568b9bc3d32eaf7405dab76b21,,4321988,33571,11608104,0x0f2c9329,"split(address targetFork, address targetNoFork)",0.299641645,sent,0xcd0a0175ce2267e37b7c622417b4b621571aa77d
460,4374423,1508205440,0xd4020169e2c3ed59b4761d625d4ff1eba0a28a3889ad8c84831a05db008ffbb6,523347,0xb898f343f13fd0d1a74d79b4fd9492178f2c3858a0b6719f18a31a327fd4474f,67,0xb2930b35844a230f00e51431acae96fe543a0347,0xcd0a0175ce2267e37b7c622417b4b621571aa77d,299593510000000000,100000,40000000000,0,1,0x,,4833357,21000,11600980,0x,,0.29959351,received,0xcd0a0175ce2267e37b7c622417b4b621571aa77d
461,4376380,1508234107,0x3620b98411ccffc72ef923733d0f03312def2d83bdae288504f76928c03767db,230,0xf75ecd4d0d69b95125297798f60736879952ac6ee69e09986febce2133d19b08,7,0xcd0a0175ce2267e37b7c622417b4b621571aa77d,0xabbb6bebfa05aa13e908eaa492bd7a8343760477,298418525000000000,150000,35000000000,0,1,0x0f2c9329000000000000000000000000167a9333bf582556f35bd4d16a7e80e191aa6476000000000000000000000000571b7b69829ce2568b9bc3d32eaf7405dab76b21,,268294,33571,11599023,0x0f2c9329,"split(address targetFork, address targetNoFork)",0.298418525,sent,0xcd0a0175ce2267e37b7c622417b4b621571aa77d
462,4379565,1508279580,0x796eba51ef361220d41948d68726a588aed8c59b6c2518ced9fe869d64dafbcb,525899,0x8afe97ce8b26977c27b6cf91298721c4c5a06146e85f353241fbade8cbfc80e9,18,0xb2930b35844a230f00e51431acae96fe543a0347,0xcd0a0175ce2267e37b7c622417b4b621571aa77d,299877050000000000,100000,40000000000,0,1,0x,,1064560,21000,11595838,0x,,0.29987705,received,0xcd0a0175ce2267e37b7c622417b4b621571aa77d
463,4379690,1508281310,0x9a9f10a6c97c329d99de7fbab4ed5c4cbd2782b2403e3d74273a4f6084fcbad5,231,0x338a3fc42ab334f1c4595ac704134e52b75d035146d3e5655c19e3d687e2a6b1,39,0xcd0a0175ce2267e37b7c622417b4b621571aa77d,0xabbb6bebfa05aa13e908eaa492bd7a8343760477,298702065000000000,150000,35000000000,0,1,0x0f2c9329000000000000000000000000167a9333bf582556f35bd4d16a7e80e191aa6476000000000000000000000000571b7b69829ce2568b9bc3d32eaf7405dab76b21,,1327861,33571,11595713,0x0f2c9329,"split(address targetFork, address targetNoFork)",0.298702065,sent,0xcd0a0175ce2267e37b7c622417b4b621571aa77d
464,4384683,1508351220,0xaf9ee5e1a59c2d887ed2d7f5944f261068a2fd907b88affa6bd1b962832db5a1,528459,0x0509790fd203c37ef4ac7c05fba8d65da8182bb36f62923d90d2001264194120,9,0xb2930b35844a230f00e51431acae96fe543a0347,0xcd0a0175ce2267e37b7c622417b4b621571aa77d,299218070000000000,100000,40000000000,0,1,0x,,284539,21000,11590720,0x,,0.29921807,received,0xcd0a0175ce2267e37b7c622417b4b621571aa77d
465,4384807,1508352865,0x82a2161b0ca977732a307945f3543dab2183048a9902cf38ff70c32cf613e9e5,232,0x486f48d48e3682ca146d53c4d4e3b463876c195ddd0a2cfdf9a20fe628b456aa,31,0xcd0a0175ce2267e37b7c622417b4b621571aa77d,0xabbb6bebfa05aa13e908eaa492bd7a8343760477,298043085000000000,150000,35000000000,0,1,0x0f2c9329000000000000000000000000167a9333bf582556f35bd4d16a7e80e191aa6476000000000000000000000000571b7b69829ce2568b9bc3d32eaf7405dab76b21,,1078790,33571,11590596,0x0f2c9329,"split(address targetFork, address targetNoFork)",0.298043085,sent,0xcd0a0175ce2267e37b7c622417b4b621571aa77d
466,4390344,1508429041,0x4ab91833ca41b7fd9ed9aff16366dce33966808fa7e8fc99bad08aa45e4f8f14,531122,0xa03791532ab757792c3e3f8f5142a3399fee05702581fab5f7dc48e713b43e6d,67,0xb2930b35844a230f00e51431acae96fe543a0347,0xcd0a0175ce2267e37b7c622417b4b621571aa77d,300063860000000000,100000,20000000000,0,1,0x,,3055022,21000,11585059,0x,,0.30006386,received,0xcd0a0175ce2267e37b7c622417b4b621571aa77d
467,4390471,1508430860,0xd2a89b9919113f84311a47361a1192a4890911c10da61f49b93c2a45ae770cd9,233,0x5c7a8181ff2c3ac5f5a7d3ff9eb87ff5779aeadae601f7b9887d8656a7d5dc73,2,0xcd0a0175ce2267e37b7c622417b4b621571aa77d,0xabbb6bebfa05aa13e908eaa492bd7a8343760477,298888875000000000,150000,35000000000,0,1,0x0f2c9329000000000000000000000000167a9333bf582556f35bd4d16a7e80e191aa6476000000000000000000000000571b7b69829ce2568b9bc3d32eaf7405dab76b21,,88142,33571,11584932,0x0f2c9329,"split(address targetFork, address targetNoFork)",0.298888875,sent,0xcd0a0175ce2267e37b7c622417b4b621571aa77d
468,4395456,1508500038,0x7947f3d665cb910e52728ecf35d4aa2ff8d1d478e9c8dda1d16fc69d047f088e,533802,0xaab698d20879f701bfe72532073ae5647510ca9bd34a3e53d28c70ba503cd31c,34,0xb2930b35844a230f00e51431acae96fe543a0347,0xcd0a0175ce2267e37b7c622417b4b621571aa77d,301526840000000000,100000,20000000000,0,1,0x,,2128190,21000,11579947,0x,,0.30152684,received,0xcd0a0175ce2267e37b7c622417b4b621571aa77d
469,4395582,1508501916,0xfdc1c74be6cdd566adf07eb7d30bd59e4763af5b4a92ed51e4c9b342c6c067fc,234,0xc5fd017f43595679428d6dafd1dc96537a22ae57cdf4a97d4b7cd8c098863df9,36,0xcd0a0175ce2267e37b7c622417b4b621571aa77d,0xabbb6bebfa05aa13e908eaa492bd7a8343760477,300351855000000000,150000,35000000000,0,1,0x0f2c9329000000000000000000000000167a9333bf582556f35bd4d16a7e80e191aa6476000000000000000000000000571b7b69829ce2568b9bc3d32eaf7405dab76b21,,1217715,33571,11579821,0x0f2c9329,"split(address targetFork, address targetNoFork)",0.300351855,sent,0xcd0a0175ce2267e37b7c622417b4b621571aa77d
470,4411833,1508726163,0x8f9c0f662b348b1094c12fdc33fd937a1043ca652f8f138437ffce41aa4ef4da,541272,0xa02e4a99aa5f04abcc7655887ee8b23a0467cec9852ce55a2d5064a8b575d1dc,19,0xb2930b35844a230f00e51431acae96fe543a0347,0xcd0a0175ce2267e37b7c622417b4b621571aa77d,300049880000000000,100000,20000000000,0,1,0x,,532791,21000,11563570,0x,,0.30004988,received,0xcd0a0175ce2267e37b7c622417b4b621571aa77d
471,4411960,1508727786,0xc2a7251fb96508e9efb4b9cabc4f39a968cab3523c6afcc341f83ee9fc598a09,235,0x78d0fc24ca94525c7e7280413017de4cbb0de23a80e654055fa8d942995f5dfe,2,0xcd0a0175ce2267e37b7c622417b4b621571aa77d,0xabbb6bebfa05aa13e908eaa492bd7a8343760477,298874895000000000,150000,35000000000,0,1,0x0f2c9329000000000000000000000000167a9333bf582556f35bd4d16a7e80e191aa6476000000000000000000000000571b7b69829ce2568b9bc3d32eaf7405dab76b21,,474362,33571,11563443,0x0f2c9329,"split(address targetFork, address targetNoFork)",0.298874895,sent,0xcd0a0175ce2267e37b7c622417b4b621571aa77d
472,4419047,1508825936,0x430754684cbba21c41743c395a66cd07b6ed1786790976e1d74d1d08ac7da97a,544629,0xdf453b254062fa281c7d2a36cc02be290545fe3927f896836b7bbab0114b22ae,66,0xb2930b35844a230f00e51431acae96fe543a0347,0xcd0a0175ce2267e37b7c622417b4b621571aa77d,300832470000000000,100000,20000000000,0,1,0x,,2841255,21000,11556356,0x,,0.30083247,received,0xcd0a0175ce2267e37b7c622417b4b621571aa77d
473,4419358,1508830286,0xed4673bffe784ccdb5f8ba82559e9c63a643072a7f25f90b6410ad410dd8ffa9,236,0x701b9048783633c3f9011430d8872ab9d3599ec9192cb6a976d39b758c040e4e,16,0xcd0a0175ce2267e37b7c622417b4b621571aa77d,0xabbb6bebfa05aa13e908eaa492bd7a8343760477,299657485000000000,150000,35000000000,0,1,0x0f2c9329000000000000000000000000167a9333bf582556f35bd4d16a7e80e191aa6476000000000000000000000000571b7b69829ce2568b9bc3d32eaf7405dab76b21,,907919,33571,11556045,0x0f2c9329,"split(address targetFork, address targetNoFork)",0.299657485,sent,0xcd0a0175ce2267e37b7c622417b4b621571aa77d
474,4424216,1508897032,0x158d9a80f718a8841fca505987d4db5587df4d2b7bf77be65f4c5f785de16659,547144,0x31c86234871c1cac1ff2257f31b4251781029ab43acb1b9c76c57115ab2ad166,10,0xb2930b35844a230f00e51431acae96fe543a0347,0xcd0a0175ce2267e37b7c622417b4b621571aa77d,300236710000000000,100000,20000000000,0,1,0x,,320149,21000,11551187,0x,,0.30023671,received,0xcd0a0175ce2267e37b7c622417b4b621571aa77d
475,4424341,1508898954,0x2872e64e12ac7dc8a60cfe978648d5266b01b7d425497cf5e562cd867b4e8989,237,0x3f0adbbd7aee0178ecf37f6ccfbf9bd97d1aab604e5a6d67da114b0556642a99,59,0xcd0a0175ce2267e37b7c622417b4b621571aa77d,0xabbb6bebfa05aa13e908eaa492bd7a8343760477,299061725000000000,150000,35000000000,0,1,0x0f2c9329000000000000000000000000167a9333bf582556f35bd4d16a7e80e191aa6476000000000000000000000000571b7b69829ce2568b9bc3d32eaf7405dab76b21,,1652244,33571,11551062,0x0f2c9329,"split(address targetFork, address targetNoFork)",0.299061725,sent,0xcd0a0175ce2267e37b7c622417b4b621571aa77d
476,4429694,1508973981,0x25e70733f89259023f2fae5f8290dc7c144e9785bdd3921bed6f9927d7f0edc9,549824,0x54cd914b5be71776e33efc0804f4a7f5d8f2a5bfd309c815c08d8b8994da3d18,51,0xb2930b35844a230f00e51431acae96fe543a0347,0xcd0a0175ce2267e37b7c622417b4b621571aa77d,300618030000000000,100000,20000000000,0,1,0x,,1262791,21000,11545709,0x,,0.30061803,received,0xcd0a0175ce2267e37b7c622417b4b621571aa77d
477,4429823,1508975895,0xf94f7fde668de3207269bf7e28d50c21afb3767dd6d5ae4a52ced2e4e90f7c25,238,0xba420bac343bda0360005d77b1e2357a55eb0570309b4175c793027d13f818bb,7,0xcd0a0175ce2267e37b7c622417b4b621571aa77d,0xabbb6bebfa05aa13e908eaa492bd7a8343760477,299443045000000000,150000,35000000000,0,1,0x0f2c9329000000000000000000000000167a9333bf582556f35bd4d16a7e80e191aa6476000000000000000000000000571b7b69829ce2568b9bc3d32eaf7405dab76b21,,197634,33571,11545580,0x0f2c9329,"split(address targetFork, address targetNoFork)",0.299443045,sent,0xcd0a0175ce2267e37b7c622417b4b621571aa77d
478,4434895,1509046890,0xe9186e737a256690443dc6dbfae62b49c1c8fd0607421668acf277acdf49cb4d,552463,0x970f7eb00899b694b657bc5197c01a8a0b8125675050687377d5f613f9a31ab0,29,0xb2930b35844a230f00e51431acae96fe543a0347,0xcd0a0175ce2267e37b7c622417b4b621571aa77d,302385100000000000,100000,20000000000,0,1,0x,,630051,21000,11540508,0x,,0.3023851,received,0xcd0a0175ce2267e37b7c622417b4b621571aa77d
479,4435023,1509048579,0x2c68b72426c16f90d031e484af7ca3097f3d33a23933ca90818614568699d1dc,239,0xf6007435d31db66d0c5a40a497af5925c000c6af2c6ce49a2bfb22500f0b54f8,4,0xcd0a0175ce2267e37b7c622417b4b621571aa77d,0xabbb6bebfa05aa13e908eaa492bd7a8343760477,301210115000000000,150000,35000000000,0,1,0x0f2c9329000000000000000000000000167a9333bf582556f35bd4d16a7e80e191aa6476000000000000000000000000571b7b69829ce2568b9bc3d32eaf7405dab76b21,,159095,33571,11540380,0x0f2c9329,"split(address targetFork, address targetNoFork)",0.301210115,sent,0xcd0a0175ce2267e37b7c622417b4b621571aa77d
480,4440380,1509123213,0xdc1138da6ee2e5342a309be8347988a1b72ca2a887713c6a8169de02103ca66d,554942,0xaa7daf22db9f99677b3ce96f4e46c3ef6bcda50fa2096e5f7a0f7132b3436453,67,0xb2930b35844a230f00e51431acae96fe543a0347,0xcd0a0175ce2267e37b7c622417b4b621571aa77d,300231860000000000,100000,20000000000,0,1,0x,,5708189,21000,11535023,0x,,0.30023186,received,0xcd0a0175ce2267e37b7c622417b4b621571aa77d
481,4440512,1509125244,0x9224cf455546b6887b18b1c86af6b561a6aa3d7f5d105f20b57e86035c964ab0,240,0xa7e9f042c0a3eb8bcf0316bc65714a2457f3557e5d965c0e661c2420f498fa3c,11,0xcd0a0175ce2267e37b7c622417b4b621571aa77d,0xabbb6bebfa05aa13e908eaa492bd7a8343760477,299056875000000000,150000,35000000000,0,1,0x0f2c9329000000000000000000000000167a9333bf582556f35bd4d16a7e80e191aa6476000000000000000000000000571b7b69829ce2568b9bc3d32eaf7405dab76b21,,570012,33571,11534891,0x0f2c9329,"split(address targetFork, address targetNoFork)",0.299056875,sent,0xcd0a0175ce2267e37b7c622417b4b621571aa77d
482,4445908,1509199721,0x1f832d5d871da91195170ab99a0cb1b97b7715e23b54e6fd8c25a37210622502,557220,0xe1d924152deb4d6bf9bad4cef5e9a80ba1912f28f6f4c908f9514b535c6bcb58,48,0xb2930b35844a230f00e51431acae96fe543a0347,0xcd0a0175ce2267e37b7c622417b4b621571aa77d,300945640000000000,100000,20000000000,0,1,0x,,1639910,21000,11529495,0x,,0.30094564,received,0xcd0a0175ce2267e37b7c622417b4b621571aa77d
483,4446036,1509201435,0x616e0dd296e698b29e8e621c7b3939ab40bba9ef86c15be66e79fc7509b3b57e,241,0x5308553bad6ddd9e21d7bf5d266e99aa4256ec789469f370dde0d65280dffce8,3,0xcd0a0175ce2267e37b7c622417b4b621571aa77d,0xabbb6bebfa05aa13e908eaa492bd7a8343760477,299770655000000000,150000,35000000000,0,1,0x0f2c9329000000000000000000000000167a9333bf582556f35bd4d16a7e80e191aa6476000000000000000000000000571b7b69829ce2568b9bc3d32eaf7405dab76b21,,159939,33571,11529367,0x0f2c9329,"split(address targetFork, address targetNoFork)",0.299770655,sent,0xcd0a0175ce2267e37b7c622417b4b621571aa77d
484,4451133,1509272643,0x1a318c49969fcdac969b3c6c1cccab4f72657fb355002895f1354f38e2dd4467,559709,0x34c9f1613c6e78b0fee7103d5d525687c3417512bf6981e605e1db0721f1912c,35,0xb2930b35844a230f00e51431acae96fe543a0347,0xcd0a0175ce2267e37b7c622417b4b621571aa77d,299969090000000000,100000,20000000000,0,1,0x,,1925808,21000,11524270,0x,,0.29996909,received,0xcd0a0175ce2267e37b7c622417b4b621571aa77d
485,4451259,1509274497,0xbf035b706d788878b1b58c5bc97d6d95b95edaa9722d868a4d1d624a45a1a2c9,242,0x4829e2c95c2156317a4e85550e1bc9caf27e036bdd79f8a9c9b32df69ce5b5c7,6,0xcd0a0175ce2267e37b7c622417b4b621571aa77d,0xabbb6bebfa05aa13e908eaa492bd7a8343760477,298794105000000000,150000,35000000000,0,1,0x0f2c9329000000000000000000000000167a9333bf582556f35bd4d16a7e80e191aa6476000000000000000000000000571b7b69829ce2568b9bc3d32eaf7405dab76b21,,688022,33571,11524144,0x0f2c9329,"split(address targetFork, address targetNoFork)",0.298794105,sent,0xcd0a0175ce2267e37b7c622417b4b621571aa77d
486,4456682,1509350601,0xafc49b591c1889fd25f7f68216de97a298187da7ca81a046ad15a65851c6f8b7,562494,0x838160bee47021ccb340f2e1b133a2d75834e5009d1335199d691dbc573c6062,46,0xb2930b35844a230f00e51431acae96fe543a0347,0xcd0a0175ce2267e37b7c622417b4b621571aa77d,302670780000000000,100000,20000000000,0,1,0x,,1651117,21000,11518721,0x,,0.30267078,received,0xcd0a0175ce2267e37b7c622417b4b621571aa77d
487,4456807,1509352518,0x1da67455f1cf185facc8bb4c32caabbb530c79a2fd01cb43549808be52528ef4,243,0x17eb1c708a32778583a6c452b7e91c3795c7468679c9e81146088fb8dabf2863,30,0xcd0a0175ce2267e37b7c622417b4b621571aa77d,0xabbb6bebfa05aa13e908eaa492bd7a8343760477,301495795000000000,150000,35000000000,0,1,0x0f2c9329000000000000000000000000167a9333bf582556f35bd4d16a7e80e191aa6476000000000000000000000000571b7b69829ce2568b9bc3d32eaf7405dab76b21,,898019,33571,11518596,0x0f2c9329,"split(address targetFork, address targetNoFork)",0.301495795,sent,0xcd0a0175ce2267e37b7c622417b4b621571aa77d
488,4462203,1509428397,0x05368606523581cfa5a9b5ac1e0df7322f7d49b3371dbcc1b5e6700ce7450b57,565406,0x021b0d5876ec9f89424af3af2bca71538ff2bba189aba883a9bfb5c7f19e8899,27,0xb2930b35844a230f00e51431acae96fe543a0347,0xcd0a0175ce2267e37b7c622417b4b621571aa77d,302266010000000000,100000,20000000000,0,1,0x,,2561506,21000,11513200,0x,,0.30226601,received,0xcd0a0175ce2267e37b7c622417b4b621571aa77d
489,4462419,1509431182,0x5f345f8a7996e7aa548b8920b04c453eedbff7c9e8a8eb363b172bc7259c0a97,244,0x5a3ff9d5484256858845294e03f34bf5938124f35cedf50227455283d3662f64,3,0xcd0a0175ce2267e37b7c622417b4b621571aa77d,0xabbb6bebfa05aa13e908eaa492bd7a8343760477,301091025000000000,150000,35000000000,0,1,0x0f2c9329000000000000000000000000167a9333bf582556f35bd4d16a7e80e191aa6476000000000000000000000000571b7b69829ce2568b9bc3d32eaf7405dab76b21,,121713,33571,11512984,0x0f2c9329,"split(address targetFork, address targetNoFork)",0.301091025,sent,0xcd0a0175ce2267e37b7c622417b4b621571aa77d
490,4467764,1509505131,0x83aa9009147ab2119cad84823dfa73d7e6fc20b013f09fa9864c00799deb6566,568317,0xfd66f194ef9b13172dc4be0cd3d004c406dd38ec7eefc4a21ffd4cd13c72847f,120,0xb2930b35844a230f00e51431acae96fe543a0347,0xcd0a0175ce2267e37b7c622417b4b621571aa77d,302026450000000000,100000,20000000000,0,1,0x,,4549800,21000,11507639,0x,,0.30202645,received,0xcd0a0175ce2267e37b7c622417b4b621571aa77d
491,4467927,1509507299,0xad5ef94e30048b30e95e3385f459836d386468f6e1a1e0a4f26fa58670b7cd52,245,0x89f9a106c4fc5242253eecb37b78cdb70bfa013ba7de57b76de1ee46cc7aa0a7,10,0xcd0a0175ce2267e37b7c622417b4b621571aa77d,0xabbb6bebfa05aa13e908eaa492bd7a8343760477,300851465000000000,150000,35000000000,0,1,0x0f2c9329000000000000000000000000167a9333bf582556f35bd4d16a7e80e191aa6476000000000000000000000000571b7b69829ce2568b9bc3d32eaf7405dab76b21,,376967,33571,11507476,0x0f2c9329,"split(address targetFork, address targetNoFork)",0.300851465,sent,0xcd0a0175ce2267e37b7c622417b4b621571aa77d
492,4472915,1509577485,0x9b6cc097757a2a1abc2f2920e28cacc9168cc61e03ca865bcc54ef75ebe612a9,570994,0xd51fb39bdaf1df0ef25c600eef33106364eeca297b98ee0abb51fddc435e181f,34,0xb2930b35844a230f00e51431acae96fe543a0347,0xcd0a0175ce2267e37b7c622417b4b621571aa77d,300736050000000000,100000,20000000000,0,1,0x,,1127349,21000,11502488,0x,,0.30073605,received,0xcd0a0175ce2267e37b7c622417b4b621571aa77d
493,4473039,1509579188,0xaee9970448eb00fd0300ed8310a86958bb049f72e49ab3576146e69e01801fa4,246,0x4e099bda91801a9d0a3da59fb56ae001e8c75742023b1780ef0dafb28677be8d,12,0xcd0a0175ce2267e37b7c622417b4b621571aa77d,0xabbb6bebfa05aa13e908eaa492bd7a8343760477,299561065000000000,150000,35000000000,0,1,0x0f2c9329000000000000000000000000167a9333bf582556f35bd4d16a7e80e191aa6476000000000000000000000000571b7b69829ce2568b9bc3d32eaf7405dab76b21,,479165,33571,11502364,0x0f2c9329,"split(address targetFork, address targetNoFork)",0.299561065,sent,0xcd0a0175ce2267e37b7c622417b4b621571aa77d
494,4478121,1509651043,0x7e737cca515cb3f4dc4c8ff622e8fd11115cd6692dbf507e71b72e580f6cc0bd,573766,0x3d8593aa9578dd4d934cbcf32b17cbf9e22d6968f9064091aba4b2bcbff2bf3c,82,0xb2930b35844a230f00e51431acae96fe543a0347,0xcd0a0175ce2267e37b7c622417b4b621571aa77d,299576350000000000,100000,20000000000,0,1,0x,,2920080,21000,11497282,0x,,0.29957635,received,0xcd0a0175ce2267e37b7c622417b4b621571aa77d
495,4478246,1509652771,0x4d34425475551d00d076377a4b44847c4ab8bb70fac63984829b07e99163e460,247,0xd2464ca6b2e47db9cace7bf84bb08163b6dd1e2246441592c0ab34c968dff55c,6,0xcd0a0175ce2267e37b7c622417b4b621571aa77d,0xabbb6bebfa05aa13e908eaa492bd7a8343760477,298401365000000000,150000,35000000000,0,1,0x0f2c9329000000000000000000000000167a9333bf582556f35bd4d16a7e80e191aa6476000000000000000000000000571b7b69829ce2568b9bc3d32eaf7405dab76b21,,234997,33571,11497157,0x0f2c9329,"split(address targetFork, address targetNoFork)",0.298401365,sent,0xcd0a0175ce2267e37b7c622417b4b621571aa77d
496,4483175,1509721694,0x30c63a90771d01a8937209c77ff8313c88857119307a691a754b8c215032fe5d,576456,0x1eb21a1bb4be1ab4e1c65818962647f34f4e5d1aec27ec1edd3bdbbe4b667bab,119,0xb2930b35844a230f00e51431acae96fe543a0347,0xcd0a0175ce2267e37b7c622417b4b621571aa77d,301482890000000000,100000,20000000000,0,1,0x,,4562489,21000,11492228,0x,,0.30148289,received,0xcd0a0175ce2267e37b7c622417b4b621571aa77d
497,4483303,1509723488,0xbf5e635cbac8b762f1f1f2b236605cdca56ca61bb1b408705a2b6301712e1cf9,248,0x198a6205420fabf66baccfcb682a201c6290a5e88965532a1530ba8bc0a5d101,3,0xcd0a0175ce2267e37b7c622417b4b621571aa77d,0xabbb6bebfa05aa13e908eaa492bd7a8343760477,300307905000000000,150000,35000000000,0,1,0x0f2c9329000000000000000000000000167a9333bf582556f35bd4d16a7e80e191aa6476000000000000000000000000571b7b69829ce2568b9bc3d32eaf7405dab76b21,,96571,33571,11492100,0x0f2c9329,"split(address targetFork, address targetNoFork)",0.300307905,sent,0xcd0a0175ce2267e37b7c622417b4b621571aa77d
498,4488701,1509798301,0x803b835b848d3c4344f6397654bae8695189934b9148b366094325343f1174e7,579103,0x62c75f75da337775f93449f4906417cf5f3fd89653b7ba49f9a8cc98e4edefb8,53,0xb2930b35844a230f00e51431acae96fe543a0347,0xcd0a0175ce2267e37b7c622417b4b621571aa77d,302595710000000000,100000,20000000000,0,1,0x,,1986127,21000,11486702,0x,,0.30259571,received,0xcd0a0175ce2267e37b7c622417b4b621571aa77d
499,4488829,1509799992,0x7c81a10b43e587731f200139f4d69ad96d88b820ca13915ff55b3156ea9fea13,249,0x0530d1e0d96ebf90a79d2dabb7a4d95c29c2b34e752b0cc259ce58d54594bdf1,12,0xcd0a0175ce2267e37b7c622417b4b621571aa77d,0xabbb6bebfa05aa13e908eaa492bd7a8343760477,301420725000000000,150000,35000000000,0,1,0x0f2c9329000000000000000000000000167a9333bf582556f35bd4d16a7e80e191aa6476000000000000000000000000571b7b69829ce2568b9bc3d32eaf7405dab76b21,,518789,33571,11486574,0x0f2c9329,"split(address targetFork, address targetNoFork)",0.301420725,sent,0xcd0a0175ce2267e37b7c622417b4b621571aa77d
500,4493805,1509867903,0x3815ce46e3406d6c4f54bd6b36a00fa1d28697d6622dbe352927409e72fa3b9d,581624,0x8b1329e6de0f3cc83f3a01b0d97677ca6527b9b8ee64185b24bec0b96e0e59af,119,0xb2930b35844a230f00e51431acae96fe543a0347,0xcd0a0175ce2267e37b7c622417b4b621571aa77d,300231360000000000,100000,20000000000,0,1,0x,,5600564,21000,11481598,0x,,0.30023136,received,0xcd0a0175ce2267e37b7c622417b4b621571aa77d
501,4493967,1509870349,0xa0826894155cb4dd3b04e46c5229879a9dc7dc82af4949669c07b1e56be7413f,250,0xe73df9f4938ac306ab928544d373a25372db3d7973ae75a02d370cccb4b11c50,10,0xcd0a0175ce2267e37b7c622417b4b621571aa77d,0xabbb6bebfa05aa13e908eaa492bd7a8343760477,299056375000000000,150000,35000000000,0,1,0x0f2c9329000000000000000000000000167a9333bf582556f35bd4d16a7e80e191aa6476000000000000000000000000571b7b69829ce2568b9bc3d32eaf7405dab76b21,,606907,33571,11481436,0x0f2c9329,"split(address targetFork, address targetNoFork)",0.299056375,sent,0xcd0a0175ce2267e37b7c622417b4b621571aa77d
502,4500935,1509968019,0x5efec429bf9360efc31946304c876df6920d8eca30ca0faddd9482123dae49d3,584768,0xb5a0fa020a0e2e22356f547bb756f4cbf55bf964c1d28ec8726a960649e89f6f,25,0xb2930b35844a230f00e51431acae96fe543a0347,0xcd0a0175ce2267e37b7c622417b4b621571aa77d,300147990000000000,100000,20000000000,0,1,0x,,673160,21000,11474468,0x,,0.30014799,received,0xcd0a0175ce2267e37b7c622417b4b621571aa77d
503,4501078,1509969721,0x00a4f0ca44b49dec38def953176052b75dd6e25d8394edb2ee2e78f58d8588c7,251,0x89fec015119837bb5ba01cb9eb7b31b836c77c1f2b438220382943cee2d21561,2,0xcd0a0175ce2267e37b7c622417b4b621571aa77d,0xabbb6bebfa05aa13e908eaa492bd7a8343760477,298973005000000000,150000,35000000000,0,1,0x0f2c9329000000000000000000000000167a9333bf582556f35bd4d16a7e80e191aa6476000000000000000000000000571b7b69829ce2568b9bc3d32eaf7405dab76b21,,75571,33571,11474325,0x0f2c9329,"split(address targetFork, address targetNoFork)",0.298973005,sent,0xcd0a0175ce2267e37b7c622417b4b621571aa77d
504,4506673,1510047842,0x311dee47f48ec142a69fcf334ab9c756d4922c90b47b5a1805e36e812b5276be,587383,0x925ff0ae5e2c1196c21f0f9747d8172476a7dbb4f7bb8726d84de21e33824281,63,0xb2930b35844a230f00e51431acae96fe543a0347,0xcd0a0175ce2267e37b7c622417b4b621571aa77d,300018430000000000,100000,20000000000,0,1,0x,,2022173,21000,11468730,0x,,0.30001843,received,0xcd0a0175ce2267e37b7c622417b4b621571aa77d
505,4506810,1510049596,0x52a4fa02a673c874b17aa699992f8bc1dfda6046c5ba7da7842774797da5f219,252,0xe9b4aebeb3274b9d0e7e1d301df70e62a47a4d2b7f92adf0249d41a8b3e1b051,1,0xcd0a0175ce2267e37b7c622417b4b621571aa77d,0xabbb6bebfa05aa13e908eaa492bd7a8343760477,298843445000000000,150000,35000000000,0,1,0x0f2c9329000000000000000000000000167a9333bf582556f35bd4d16a7e80e191aa6476000000000000000000000000571b7b69829ce2568b9bc3d32eaf7405dab76b21,,54571,33571,11468593,0x0f2c9329,"split(address targetFork, address targetNoFork)",0.298843445,sent,0xcd0a0175ce2267e37b7c622417b4b621571aa77d
506,4511991,1510121096,0x942e0e7de32d4df61164438e7d16454f5d32e954259675301549131f6b158589,589961,0x0670c439f56a1109b38715269d24d8f5f415972a23cd135c0804a947051a291d,45,0xb2930b35844a230f00e51431acae96fe543a0347,0xcd0a0175ce2267e37b7c622417b4b621571aa77d,299619550000000000,100000,20000000000,0,1,0x,,1364582,21000,11463412,0x,,0.29961955,received,0xcd0a0175ce2267e37b7c622417b4b621571aa77d
507,4512916,1510134198,0x42bd9639da436cb3628b6d7c4288247b549f740cc0d0f7443b772267e56750f8,253,0xad444ae3f32189ac6079ee729e275d537d497d12b19606a525feb39ccb31520e,3,0xcd0a0175ce2267e37b7c622417b4b621571aa77d,0xabbb6bebfa05aa13e908eaa492bd7a8343760477,298444565000000000,150000,35000000000,0,1,0x0f2c9329000000000000000000000000167a9333bf582556f35bd4d16a7e80e191aa6476000000000000000000000000571b7b69829ce2568b9bc3d32eaf7405dab76b21,,159811,33571,11462487,0x0f2c9329,"split(address targetFork, address targetNoFork)",0.298444565,sent,0xcd0a0175ce2267e37b7c622417b4b621571aa77d
508,4519220,1510222062,0x68a3b5526f23469b3c1b13299ced96361446085239bbb484c17cc2dfa79ae18b,593626,0x767908db645c7440cff14104450a9bc9ea9d67d37089579de148de4a88e74eba,47,0xb2930b35844a230f00e51431acae96fe543a0347,0xcd0a0175ce2267e37b7c622417b4b621571aa77d,303875580000000000,100000,20000000000,0,1,0x,,1906552,21000,11456183,0x,,0.30387558,received,0xcd0a0175ce2267e37b7c622417b4b621571aa77d
509,4519344,1510223667,0x17e83e3e5e04c3c9b433da29e8319caae3265ce86cfb7dbee6611415161c2139,254,0xc1a0bde97923f1f5281fb273f78d8da3c81858ff9a6548f365469fae0416e0f6,0,0xcd0a0175ce2267e37b7c622417b4b621571aa77d,0xabbb6bebfa05aa13e908eaa492bd7a8343760477,302700595000000000,150000,35000000000,0,1,0x0f2c9329000000000000000000000000167a9333bf582556f35bd4d16a7e80e191aa6476000000000000000000000000571b7b69829ce2568b9bc3d32eaf7405dab76b21,,33571,33571,11456059,0x0f2c9329,"split(address targetFork, address targetNoFork)",0.302700595,sent,0xcd0a0175ce2267e37b7c622417b4b621571aa77d
510,4524020,1510288309,0x85871101b9b9fc6c969074b7f4aa9cd293c9ca9cebb65777515e87f58282bdc9,596231,0xe1b69e722b014dac09ce5ab5392491ff0e794a20a480b421a025b1547e84b82a,174,0xb2930b35844a230f00e51431acae96fe543a0347,0xcd0a0175ce2267e37b7c622417b4b621571aa77d,299579960000000000,100000,20000000000,0,1,0x,,6322561,21000,11451383,0x,,0.29957996,received,0xcd0a0175ce2267e37b7c622417b4b621571aa77d
511,4524144,1510289762,0x984c1d93bf27bf16f19770cea85c0dcf978a12e30ff79c4390c1a8a821bb26b1,255,0x564c1efd6d679a12832976f87b28ed20f7f70ea21dc3c2414e44863dee9f6890,0,0xcd0a0175ce2267e37b7c622417b4b621571aa77d,0xabbb6bebfa05aa13e908eaa492bd7a8343760477,298404975000000000,150000,35000000000,0,1,0x0f2c9329000000000000000000000000167a9333bf582556f35bd4d16a7e80e191aa6476000000000000000000000000571b7b69829ce2568b9bc3d32eaf7405dab76b21,,33571,33571,11451259,0x0f2c9329,"split(address targetFork, address targetNoFork)",0.298404975,sent,0xcd0a0175ce2267e37b7c622417b4b621571aa77d
512,4530767,1510381513,0xc8b73a3b3829b5eba601ffc5789888820348245c90f587ca5e35b86db945d379,599417,0x8f3fbcdcf988c3d11a2d1b8bd0d6d3dbca6c070915cdad450c75e00421a44af6,20,0xb2930b35844a230f00e51431acae96fe543a0347,0xcd0a0175ce2267e37b7c622417b4b621571aa77d,300418850000000000,100000,20000000000,0,1,0x,,683224,21000,11444636,0x,,0.30041885,received,0xcd0a0175ce2267e37b7c622417b4b621571aa77d
513,4530923,1510383502,0xbc0252bb060738fb8cd42092f50d75c9f41cace422f0a243a72cd1dcdafd5171,256,0x77e566c3f87331fc562a5971859470200c8a1825e38f2ea3159d69e3fe6376b8,4,0xcd0a0175ce2267e37b7c622417b4b621571aa77d,0xabbb6bebfa05aa13e908eaa492bd7a8343760477,299243865000000000,150000,35000000000,0,1,0x0f2c9329000000000000000000000000167a9333bf582556f35bd4d16a7e80e191aa6476000000000000000000000000571b7b69829ce2568b9bc3d32eaf7405dab76b21,,225276,33571,11444480,0x0f2c9329,"split(address targetFork, address targetNoFork)",0.299243865,sent,0xcd0a0175ce2267e37b7c622417b4b621571aa77d
514,4536507,1510459823,0x883e692aabbe732e76f84f81e08461571744134fe7731a33903c5a61e5852144,601993,0x8f7dfdc88bbfd8bbf074f0947928daedb3e82c5ae5fae782a4e4a1051fb56fb5,11,0xb2930b35844a230f00e51431acae96fe543a0347,0xcd0a0175ce2267e37b7c622417b4b621571aa77d,301364000000000000,100000,20000000000,0,1,0x,,421628,21000,11438896,0x,,0.301364,received,0xcd0a0175ce2267e37b7c622417b4b621571aa77d
515,4536673,1510462297,0xfee879ee6630b838e06e9b701dab20d96169cc53aec67ba88575a4e0749bbe78,257,0xe50d7094880c0913b53e07c2c7dc633e435c510a939cc14f5faea55c63b93962,12,0xcd0a0175ce2267e37b7c622417b4b621571aa77d,0xabbb6bebfa05aa13e908eaa492bd7a8343760477,300189015000000000,150000,35000000000,0,1,0x0f2c9329000000000000000000000000167a9333bf582556f35bd4d16a7e80e191aa6476000000000000000000000000571b7b69829ce2568b9bc3d32eaf7405dab76b21,,398710,33571,11438730,0x0f2c9329,"split(address targetFork, address targetNoFork)",0.300189015,sent,0xcd0a0175ce2267e37b7c622417b4b621571aa77d
516,4542445,1510542309,0x8eae22225251871a7af631c1ed20cd8cf17e086cbbfbdf6da9c49bf97806a345,605044,0xc380f496ae8e2be01a4000f45775dd127b78e6b828454c9994ed2ccc0fbe5bf1,29,0xb2930b35844a230f00e51431acae96fe543a0347,0xcd0a0175ce2267e37b7c622417b4b621571aa77d,299905050000000000,100000,20000000000,0,1,0x,,3310977,21000,11432958,0x,,0.29990505,received,0xcd0a0175ce2267e37b7c622417b4b621571aa77d
517,4542572,1510543978,0x51770d7e205de110e31e23636ef3b2ea8f54ba85b8e246ed07a3262ad12f7aa2,258,0x4f448bd833d5c3b34f65ae207b66566fa520044367045b8dcf461343568a1f79,2,0xcd0a0175ce2267e37b7c622417b4b621571aa77d,0xabbb6bebfa05aa13e908eaa492bd7a8343760477,298730065000000000,150000,35000000000,0,1,0x0f2c9329000000000000000000000000167a9333bf582556f35bd4d16a7e80e191aa6476000000000000000000000000571b7b69829ce2568b9bc3d32eaf7405dab76b21,,132373,33571,11432831,0x0f2c9329,"split(address targetFork, address targetNoFork)",0.298730065,sent,0xcd0a0175ce2267e37b7c622417b4b621571aa77d
518,4547666,1510614860,0x88b983bdd88c083a79a2db0f4be4ee9d48891c2c6a818dcb15542da7485474f3,607802,0x347304fc0a38b326a67dc3b86b043031a15d2312e89dbd55c31ba59dff5a0987,10,0xb2930b35844a230f00e51431acae96fe543a0347,0xcd0a0175ce2267e37b7c622417b4b621571aa77d,300265760000000000,100000,20000000000,0,1,0x,,231000,21000,11427737,0x,,0.30026576,received,0xcd0a0175ce2267e37b7c622417b4b621571aa77d
519,4547794,1510616546,0xd28f9aa8f6d43e2e9da6ab87cb6b6d855f9438e610152dfe4403818077400958,259,0x6cf2b144dd74b1d7f1a77ecffdb26ad9cf9bf3ea486c3bd817576e615cecb211,16,0xcd0a0175ce2267e37b7c622417b4b621571aa77d,0xabbb6bebfa05aa13e908eaa492bd7a8343760477,299090775000000000,150000,35000000000,0,1,0x0f2c9329000000000000000000000000167a9333bf582556f35bd4d16a7e80e191aa6476000000000000000000000000571b7b69829ce2568b9bc3d32eaf7405dab76b21,,417710,33571,11427609,0x0f2c9329,"split(address targetFork, address targetNoFork)",0.299090775,sent,0xcd0a0175ce2267e37b7c622417b4b621571aa77d
520,4552920,1510688848,0x2b15fa6d12ef82cf8ca238f7d449b8c4bcf4512417cc462ba7c2a3cc8ff19560,610590,0x300ff49681ed5eabef9e52a18b2869a3097815d5d237368e207d13b317c108bf,58,0xb2930b35844a230f00e51431acae96fe543a0347,0xcd0a0175ce2267e37b7c622417b4b621571aa77d,302395580000000000,100000,20000000000,0,1,0x,,5439415,21000,11422483,0x,,0.30239558,received,0xcd0a0175ce2267e37b7c622417b4b621571aa77d
521,4553043,1510690469,0x0c9c37ad18e89f38d2df899dba2176695211221ba4f97a98a9292ad1858e469f,260,0x26a3979de49b15c08fa05bb4635e3d3fea9aefa70a134e2b241130386fb8b88f,4,0xcd0a0175ce2267e37b7c622417b4b621571aa77d,0xabbb6bebfa05aa13e908eaa492bd7a8343760477,301220595000000000,150000,35000000000,0,1,0x0f2c9329000000000000000000000000167a9333bf582556f35bd4d16a7e80e191aa6476000000000000000000000000571b7b69829ce2568b9bc3d32eaf7405dab76b21,,146470,33571,11422360,0x0f2c9329,"split(address targetFork, address targetNoFork)",0.301220595,sent,0xcd0a0175ce2267e37b7c622417b4b621571aa77d
522,4559290,1510777785,0x4d095517820813b5c2cc0bf50069db8a92141a3a18413ff004951f3207a49fe9,613983,0x04866e6c5121799527dc5386224b55bd1aa4264cd301977bbd2a904b070ed4b7,21,0xb2930b35844a230f00e51431acae96fe543a0347,0xcd0a0175ce2267e37b7c622417b4b621571aa77d,299897650000000000,100000,20000000000,0,1,0x,,639209,21000,11416113,0x,,0.29989765,received,0xcd0a0175ce2267e37b7c622417b4b621571aa77d
523,4559422,1510779542,0x28be95fe34bce821568f0dde78cd71635ef7821d5556ff86980b3f4ccc07ae85,261,0xac86ec965d105736ae31bf92c1ef836cd6ec2f4b252393e7ced64b25023046dc,1,0xcd0a0175ce2267e37b7c622417b4b621571aa77d,0xabbb6bebfa05aa13e908eaa492bd7a8343760477,298722665000000000,150000,35000000000,0,1,0x0f2c9329000000000000000000000000167a9333bf582556f35bd4d16a7e80e191aa6476000000000000000000000000571b7b69829ce2568b9bc3d32eaf7405dab76b21,,54571,33571,11415981,0x0f2c9329,"split(address targetFork, address targetNoFork)",0.298722665,sent,0xcd0a0175ce2267e37b7c622417b4b621571aa77d
524,4564223,1510846341,0xc5679ce208573165a0855510b53eb060b2471607cc627529182709da4e249b20,616671,0x7142d7a330a64df9d2bb0f2029a99ead6a4e3ff400d0f2b289045966600b1ab1,4,0xb2930b35844a230f00e51431acae96fe543a0347,0xcd0a0175ce2267e37b7c622417b4b621571aa77d,300085620000000000,100000,20000000000,0,1,0x,,230546,21000,11411180,0x,,0.30008562,received,0xcd0a0175ce2267e37b7c622417b4b621571aa77d
525,4564349,1510848296,0x228ad93a4de11659274183da3e838fc2c1d59012496365fbaa67ac2eee5152b3,262,0x147ee45012d6f08babcd93a833748953e004237cbfac1eff59dc2e208822a453,13,0xcd0a0175ce2267e37b7c622417b4b621571aa77d,0xabbb6bebfa05aa13e908eaa492bd7a8343760477,298910635000000000,150000,35000000000,0,1,0x0f2c9329000000000000000000000000167a9333bf582556f35bd4d16a7e80e191aa6476000000000000000000000000571b7b69829ce2568b9bc3d32eaf7405dab76b21,,396797,33571,11411054,0x0f2c9329,"split(address targetFork, address targetNoFork)",0.298910635,sent,0xcd0a0175ce2267e37b7c622417b4b621571aa77d
526,4570867,1510938947,0xc19b4bd784b01fd01598895fee9dcd356029471be8b1e3604ed69dbcf01426df,619962,0x64d1f7cdbd4cdd77414bb70a5edf16d6c95d5561423de2b14f50e3ed52705918,24,0xb2930b35844a230f00e51431acae96fe543a0347,0xcd0a0175ce2267e37b7c622417b4b621571aa77d,302147680000000000,100000,20000000000,0,1,0x,,847005,21000,11404536,0x,,0.30214768,received,0xcd0a0175ce2267e37b7c622417b4b621571aa77d
527,4571032,1510940910,0xd7a2aae1bf3fa877febcc2f555cb0db3e09fce5b7e885c84de4d7a6c519d2406,263,0x9b0f855435926622ff7cc884bb5bce1e849a36bd65a31962e80ecbb74d80f28b,1,0xcd0a0175ce2267e37b7c622417b4b621571aa77d,0xabbb6bebfa05aa13e908eaa492bd7a8343760477,300972695000000000,150000,35000000000,0,1,0x0f2c9329000000000000000000000000167a9333bf582556f35bd4d16a7e80e191aa6476000000000000000000000000571b7b69829ce2568b9bc3d32eaf7405dab76b21,,82915,33571,11404371,0x0f2c9329,"split(address targetFork, address targetNoFork)",0.300972695,sent,0xcd0a0175ce2267e37b7c622417b4b621571aa77d
528,4576072,1511011349,0x51fc57e5217c37472de215e9e6f6b2bc2c25a97dafb4b10a1670f49adc10052f,622463,0x1f80d187d0a58cf06e829b90a59bc2274121ae1c1195bc3855a84431e87afb7a,95,0xb2930b35844a230f00e51431acae96fe543a0347,0xcd0a0175ce2267e37b7c622417b4b621571aa77d,302370560000000000,100000,20000000000,0,1,0x,,3577898,21000,11399331,0x,,0.30237056,received,0xcd0a0175ce2267e37b7c622417b4b621571aa77d
529,4576202,1511013027,0xb890b29346739d63298f31ef195ff525eebbcf0d7928bed85e674586e3378cd8,264,0x12fb15f8cbb4dd04df6203b79e349a1cfe8547d48a5426cd897842f4f2ba4438,6,0xcd0a0175ce2267e37b7c622417b4b621571aa77d,0xabbb6bebfa05aa13e908eaa492bd7a8343760477,301195575000000000,150000,35000000000,0,1,0x0f2c9329000000000000000000000000167a9333bf582556f35bd4d16a7e80e191aa6476000000000000000000000000571b7b69829ce2568b9bc3d32eaf7405dab76b21,,834870,33571,11399201,0x0f2c9329,"split(address targetFork, address targetNoFork)",0.301195575,sent,0xcd0a0175ce2267e37b7c622417b4b621571aa77d
530,4584231,1511124339,0x0aa9f088078ce6e5e2c0087aaa0073b6e7c0d65b411b949c1e7c6d177e0b2510,626525,0xdbb80f255d7e2d04978177f289406cb9f6cbc7e1fc3f0217b5811ed2d2fcacd3,9,0xb2930b35844a230f00e51431acae96fe543a0347,0xcd0a0175ce2267e37b7c622417b4b621571aa77d,299905010000000000,100000,20000000000,0,1,0x,,210000,21000,11391172,0x,,0.29990501,received,0xcd0a0175ce2267e37b7c622417b4b621571aa77d
531,4584353,1511126115,0xf80648ea4eb07c51527e4eb1d29b1dd50cec9107922f0ad71475da8063739f41,265,0x8c87d66cc2bbbb1a3d47b3e883143b1ec60e1d0079a7dcc5d602eb2bebb65ca8,6,0xcd0a0175ce2267e37b7c622417b4b621571aa77d,0xabbb6bebfa05aa13e908eaa492bd7a8343760477,298730025000000000,150000,35000000000,0,1,0x0f2c9329000000000000000000000000167a9333bf582556f35bd4d16a7e80e191aa6476000000000000000000000000571b7b69829ce2568b9bc3d32eaf7405dab76b21,,222426,33571,11391050,0x0f2c9329,"split(address targetFork, address targetNoFork)",0.298730025,sent,0xcd0a0175ce2267e37b7c622417b4b621571aa77d
532,4590105,1511204963,0x95c952bd503fcd0be311009b84f99ef48d68df8378999b4ad48a84541e14b43c,629427,0x6102ceefdfe2e5dd3970754f5b04483d6bcbac4761518b1cb13f42105efaef96,43,0xb2930b35844a230f00e51431acae96fe543a0347,0xcd0a0175ce2267e37b7c622417b4b621571aa77d,301621160000000000,100000,20000000000,0,1,0x,,1963067,21000,11385298,0x,,0.30162116,received,0xcd0a0175ce2267e37b7c622417b4b621571aa77d
533,4590252,1511207401,0xe0ae608d02aa1b865490d5e029d0344ffc4ab66cd905e50ad043943665f53cf7,266,0x8eb33f1cc16935519e30dcd9afa3c85866ac3c753adba99ec8282ccc9926e7a9,3,0xcd0a0175ce2267e37b7c622417b4b621571aa77d,0xabbb6bebfa05aa13e908eaa492bd7a8343760477,300446175000000000,150000,35000000000,0,1,0x0f2c9329000000000000000000000000167a9333bf582556f35bd4d16a7e80e191aa6476000000000000000000000000571b7b69829ce2568b9bc3d32eaf7405dab76b21,,125297,33571,11385151,0x0f2c9329,"split(address targetFork, address targetNoFork)",0.300446175,sent,0xcd0a0175ce2267e37b7c622417b4b621571aa77d
534,4595891,1511287000,0x9541a0cbd666ef112e1dec6d5dd04c812cc87ae72f9f9942dc9c4d36cf798a1f,632234,0x7c917b826760fba9d4287150df6e526f1b28cce7ea0d07dedb23f2dab66f2e92,72,0xb2930b35844a230f00e51431acae96fe543a0347,0xcd0a0175ce2267e37b7c622417b4b621571aa77d,301914360000000000,100000,20000000000,0,1,0x,,2376721,21000,11379512,0x,,0.30191436,received,0xcd0a0175ce2267e37b7c622417b4b621571aa77d
535,4596026,1511288882,0xa790c6487526f87a0502843d21b4e68846eb725e0cfd0f9c1e3451c89b46486b,267,0x12df74725238d74429a3265f47adccca6892c117de33f6e75513cf155e28d57e,27,0xcd0a0175ce2267e37b7c622417b4b621571aa77d,0xabbb6bebfa05aa13e908eaa492bd7a8343760477,300739375000000000,150000,35000000000,0,1,0x0f2c9329000000000000000000000000167a9333bf582556f35bd4d16a7e80e191aa6476000000000000000000000000571b7b69829ce2568b9bc3d32eaf7405dab76b21,,1306530,33571,11379377,0x0f2c9329,"split(address targetFork, address targetNoFork)",0.300739375,sent,0xcd0a0175ce2267e37b7c622417b4b621571aa77d
536,4601371,1511363809,0xfd71e612498d99afbff1acac823898920bb21d34d6dea317e3e683720d296c56,634852,0x3c918b75adf83add75378af92968b522b6df70870165c26c0b95dd1cc121dde3,75,0xb2930b35844a230f00e51431acae96fe543a0347,0xcd0a0175ce2267e37b7c622417b4b621571aa77d,300229540000000000,100000,20000000000,0,1,0x,,2379984,21000,11374032,0x,,0.30022954,received,0xcd0a0175ce2267e37b7c622417b4b621571aa77d
537,4601496,1511365403,0x6e36827e38ea3bbb07e2bab03819005601320130fd15683f2debfac1db858dd6,268,0x3674470def3c119a563ec4a77c8a2cefea93b8bc7ee4ff802862beda24544a06,0,0xcd0a0175ce2267e37b7c622417b4b621571aa77d,0xabbb6bebfa05aa13e908eaa492bd7a8343760477,299054555000000000,150000,35000000000,0,1,0x0f2c9329000000000000000000000000167a9333bf582556f35bd4d16a7e80e191aa6476000000000000000000000000571b7b69829ce2568b9bc3d32eaf7405dab76b21,,33571,33571,11373907,0x0f2c9329,"split(address targetFork, address targetNoFork)",0.299054555,sent,0xcd0a0175ce2267e37b7c622417b4b621571aa77d
538,4607067,1511442332,0xf4a00d73cc94870c389ef3733ff9cf2e94e09e6713db194145246cd27b4b4254,637706,0x1840ba732e1b1755bd6ed18617feff05c3c30f9b63f5ddb38ff85a7c98137516,23,0xb2930b35844a230f00e51431acae96fe543a0347,0xcd0a0175ce2267e37b7c622417b4b621571aa77d,300084370000000000,100000,20000000000,0,1,0x,,780685,21000,11368336,0x,,0.30008437,received,0xcd0a0175ce2267e37b7c622417b4b621571aa77d
539,4607198,1511444113,0x035421b7af8c475bf61130aae432f5a719bffa044cd9046b0133ffb71e89d894,269,0xe9a32c8c58084789884bdddc98b41d231b1e8865e7e7e70b195c23a82fe35e83,16,0xcd0a0175ce2267e37b7c622417b4b621571aa77d,0xabbb6bebfa05aa13e908eaa492bd7a8343760477,298909385000000000,150000,35000000000,0,1,0x0f2c9329000000000000000000000000167a9333bf582556f35bd4d16a7e80e191aa6476000000000000000000000000571b7b69829ce2568b9bc3d32eaf7405dab76b21,,862589,33571,11368205,0x0f2c9329,"split(address targetFork, address targetNoFork)",0.298909385,sent,0xcd0a0175ce2267e37b7c622417b4b621571aa77d
540,4612711,1511521177,0x18209f970b68f252284eaa4df1b7e4a7b344af09b6597b276b2a403e1a2d3632,640398,0x1a1d14888e636e67326618bdaab7ee8d528b64c1e1cd73e6c5ddc54492c1fcab,23,0xb2930b35844a230f00e51431acae96fe543a0347,0xcd0a0175ce2267e37b7c622417b4b621571aa77d,300037880000000000,100000,20000000000,0,1,0x,,689089,21000,11362692,0x,,0.30003788,received,0xcd0a0175ce2267e37b7c622417b4b621571aa77d
541,4612839,1511522886,0x545fe1903a3f78f27788c31a8e9d4d1436a9f569b976ff40b750e8fe2e8d8536,270,0xf24ee3d73dea3dd567f7017469a8d951d576d9798bcdce7e1358d005385f9d05,14,0xcd0a0175ce2267e37b7c622417b4b621571aa77d,0xabbb6bebfa05aa13e908eaa492bd7a8343760477,298862895000000000,150000,35000000000,0,1,0x0f2c9329000000000000000000000000167a9333bf582556f35bd4d16a7e80e191aa6476000000000000000000000000571b7b69829ce2568b9bc3d32eaf7405dab76b21,,385809,33571,11362564,0x0f2c9329,"split(address targetFork, address targetNoFork)",0.298862895,sent,0xcd0a0175ce2267e37b7c622417b4b621571aa77d
542,4619402,1511613909,0x9925f9f980adb67665b11a08ab0f98bb9efd70a262ebd2e5c1ecc5a0fe2c1833,643812,0x69197edeb4f0727b30236c16946ca5e8ba68216dc8e5becf4ed08666a6443366,22,0xb2930b35844a230f00e51431acae96fe543a0347,0xcd0a0175ce2267e37b7c622417b4b621571aa77d,299922160000000000,100000,20000000000,0,1,0x,,731452,21000,11356001,0x,,0.29992216,received,0xcd0a0175ce2267e37b7c622417b4b621571aa77d
543,4619554,1511616121,0xaee2dd88a36a88fef51058e75c56d7b70cb5a333631b5a68a34545824d5e75d7,271,0xe0227e082286c8b5b0782f7354449195636ba0399722bf86bc7522a10ddbb4b5,8,0xcd0a0175ce2267e37b7c622417b4b621571aa77d,0xabbb6bebfa05aa13e908eaa492bd7a8343760477,298747175000000000,150000,35000000000,0,1,0x0f2c9329000000000000000000000000167a9333bf582556f35bd4d16a7e80e191aa6476000000000000000000000000571b7b69829ce2568b9bc3d32eaf7405dab76b21,,2335561,33571,11355849,0x0f2c9329,"split(address targetFork, address targetNoFork)",0.298747175,sent,0xcd0a0175ce2267e37b7c622417b4b621571aa77d
544,4625526,1511699359,0xdbaf8b6ffa596cca64452fbe9e655590fd99cb407cf489611412ce69fcd678f4,646690,0x59396a0df469bf2fa4433dcc1fbe9b099b0a9fb9afeee8605c8662ad1255e281,93,0xb2930b35844a230f00e51431acae96fe543a0347,0xcd0a0175ce2267e37b7c622417b4b621571aa77d,300535280000000000,100000,20000000000,0,1,0x,,4471215,21000,11349877,0x,,0.30053528,received,0xcd0a0175ce2267e37b7c622417b4b621571aa77d
545,4625671,1511701286,0x44485d50dad43c167eca4b1ce77226f3d7b76b67e5a953c348ae5e5dae0e94fe,272,0xedc7b6241985022de0ec0e370a453fabeb2d7933ff862d3742977145bd0f5163,11,0xcd0a0175ce2267e37b7c622417b4b621571aa77d,0xabbb6bebfa05aa13e908eaa492bd7a8343760477,299360295000000000,150000,35000000000,0,1,0x0f2c9329000000000000000000000000167a9333bf582556f35bd4d16a7e80e191aa6476000000000000000000000000571b7b69829ce2568b9bc3d32eaf7405dab76b21,,326326,33571,11349732,0x0f2c9329,"split(address targetFork, address targetNoFork)",0.299360295,sent,0xcd0a0175ce2267e37b7c622417b4b621571aa77d
546,4631293,1511780209,0x919dd48bbce226b4ddbe18beec980597dcfee0956eff17209d559bf7713f799b,649626,0x7003c02a07df4f6fcab96f7fbb8aaba9e14a71bc1444f80cc0b30228070a514b,174,0xb2930b35844a230f00e51431acae96fe543a0347,0xcd0a0175ce2267e37b7c622417b4b621571aa77d,301448130000000000,100000,20000000000,0,1,0x,,4428203,21000,11344110,0x,,0.30144813,received,0xcd0a0175ce2267e37b7c622417b4b621571aa77d
547,4631419,1511782246,0x7d8ae3a76ca627e5d52f5aa8ab79fcc74eb24abd4befff16906975f5b1309a5a,273,0xcb32cb58762830f61e23839f40c2bd801280fc9b7ca49dc324ea7f89ff4f81c7,41,0xcd0a0175ce2267e37b7c622417b4b621571aa77d,0xabbb6bebfa05aa13e908eaa492bd7a8343760477,300273145000000000,150000,35000000000,0,1,0x0f2c9329000000000000000000000000167a9333bf582556f35bd4d16a7e80e191aa6476000000000000000000000000571b7b69829ce2568b9bc3d32eaf7405dab76b21,,1386588,33571,11343984,0x0f2c9329,"split(address targetFork, address targetNoFork)",0.300273145,sent,0xcd0a0175ce2267e37b7c622417b4b621571aa77d
548,4638792,1511886840,0xecf334b0015028a71762a47f96d017998ce281df37ac3ce165527621814afdf3,653371,0x3c3cc0673e4c6ab8186b5e4cb71373890fcd975cbb41b0147775f05fe637db18,13,0xb2930b35844a230f00e51431acae96fe543a0347,0xcd0a0175ce2267e37b7c622417b4b621571aa77d,300960790000000000,100000,20000000000,0,1,0x,,493407,21000,11336611,0x,,0.30096079,received,0xcd0a0175ce2267e37b7c622417b4b621571aa77d
549,4638915,1511888966,0x20ccdcca1947eba62222f8afee217462be2a371dce8aa4153b7becbbedd40ad1,274,0xb5d75b34a65c844ad1bc597713b0e5ee87534f6094f17176b7ac3c697dbce61e,8,0xcd0a0175ce2267e37b7c622417b4b621571aa77d,0xabbb6bebfa05aa13e908eaa492bd7a8343760477,299785805000000000,150000,35000000000,0,1,0x0f2c9329000000000000000000000000167a9333bf582556f35bd4d16a7e80e191aa6476000000000000000000000000571b7b69829ce2568b9bc3d32eaf7405dab76b21,,251995,33571,11336488,0x0f2c9329,"split(address targetFork, address targetNoFork)",0.299785805,sent,0xcd0a0175ce2267e37b7c622417b4b621571aa77d
550,4646559,1511996983,0xa3d2964ef8548fc74d2596cb2030e8c21c67fa2f63d85d7f0a8e3f4ea62699cc,657182,0x6c1c404650354204bfb0587dae064740f20e11f9e8654c760df2921f4d931e74,134,0xb2930b35844a230f00e51431acae96fe543a0347,0xcd0a0175ce2267e37b7c622417b4b621571aa77d,302144460000000000,100000,20000000000,0,1,0x,,4901657,21000,11328844,0x,,0.30214446,received,0xcd0a0175ce2267e37b7c622417b4b621571aa77d
551,4646687,1511998727,0x46ea754abacf07e0d51896795b6c8db62ba3db7f8a059d7004dce6aaed5e07ca,275,0xb5e9a090d538af30c8b13bd2a88cd4cdfddb0c37aace14dc2394eca9cdad67bd,172,0xcd0a0175ce2267e37b7c622417b4b621571aa77d,0xabbb6bebfa05aa13e908eaa492bd7a8343760477,300969475000000000,150000,35000000000,0,1,0x0f2c9329000000000000000000000000167a9333bf582556f35bd4d16a7e80e191aa6476000000000000000000000000571b7b69829ce2568b9bc3d32eaf7405dab76b21,,5370130,33571,11328716,0x0f2c9329,"split(address targetFork, address targetNoFork)",0.300969475,sent,0xcd0a0175ce2267e37b7c622417b4b621571aa77d
552,4651766,1512070555,0x43d8a7f2852f8d90383b6746f0cef791bb252eaf8c06128588711857d236b021,659587,0x2bf1c950412a2b07d067424b6f376ad5742dab3ccb59a05a440ce796d5b7195b,92,0xb2930b35844a230f00e51431acae96fe543a0347,0xcd0a0175ce2267e37b7c622417b4b621571aa77d,302394520000000000,100000,20000000000,0,1,0x,,3641626,21000,11323637,0x,,0.30239452,received,0xcd0a0175ce2267e37b7c622417b4b621571aa77d
553,4651940,1512072592,0x453edb466b2112016b157827a8ae2e47b9f50d648ebf3c14caaf5e3324b2a042,276,0x4212b3185d63d8a7f661719808d0fa4a94eafe0f4384d3f1884e6a13e0cc100b,4,0xcd0a0175ce2267e37b7c622417b4b621571aa77d,0xabbb6bebfa05aa13e908eaa492bd7a8343760477,301219535000000000,150000,35000000000,0,1,0x0f2c9329000000000000000000000000167a9333bf582556f35bd4d16a7e80e191aa6476000000000000000000000000571b7b69829ce2568b9bc3d32eaf7405dab76b21,,538006,33571,11323463,0x0f2c9329,"split(address targetFork, address targetNoFork)",0.301219535,sent,0xcd0a0175ce2267e37b7c622417b4b621571aa77d
554,4662103,1512216071,0xe9a1dadf9b015cf2173ea6a7f388a52f46a8d72816612b092bc24e6e8293e528,663902,0x24dc321eadfeab88742b6faf2deac846f106c70bb7e72b59fdcfc8bcf71aa87c,79,0xb2930b35844a230f00e51431acae96fe543a0347,0xcd0a0175ce2267e37b7c622417b4b621571aa77d,300086320000000000,100000,20000000000,0,1,0x,,6476315,21000,11313300,0x,,0.30008632,received,0xcd0a0175ce2267e37b7c622417b4b621571aa77d
555,4662230,1512217744,0xbbcde390bbfbd51763c61481403b697622a1e9499b95d5104d1de4659459f3b7,277,0xf45d3829fbf140950931789c056289cdf72eedf23d63a976bb67997edc5d78b1,4,0xcd0a0175ce2267e37b7c622417b4b621571aa77d,0xabbb6bebfa05aa13e908eaa492bd7a8343760477,298911335000000000,150000,35000000000,0,1,0x0f2c9329000000000000000000000000167a9333bf582556f35bd4d16a7e80e191aa6476000000000000000000000000571b7b69829ce2568b9bc3d32eaf7405dab76b21,,165085,33571,11313173,0x0f2c9329,"split(address targetFork, address targetNoFork)",0.298911335,sent,0xcd0a0175ce2267e37b7c622417b4b621571aa77d
556,4668003,1512300886,0x86bc734f516428c14a5442bcd16869b5257cccc274682b10d6d75ad677fc745c,666007,0x6e08656c1b35b98c72b566bf826c2b7258a28389baa8928a6b6899584a858873,115,0xb2930b35844a230f00e51431acae96fe543a0347,0xcd0a0175ce2267e37b7c622417b4b621571aa77d,301776370000000000,100000,20000000000,0,1,0x,,3751714,21000,11307400,0x,,0.30177637,received,0xcd0a0175ce2267e37b7c622417b4b621571aa77d
557,4668132,1512302585,0xc84b9eca3c26bc58e3316ba47d5eba215b72928809935f906c8097406bef6d02,278,0xfac8f39026cf4300410ab98941149dea89254d61e07274d574abba5f486b0dc1,6,0xcd0a0175ce2267e37b7c622417b4b621571aa77d,0xabbb6bebfa05aa13e908eaa492bd7a8343760477,300601385000000000,150000,35000000000,0,1,0x0f2c9329000000000000000000000000167a9333bf582556f35bd4d16a7e80e191aa6476000000000000000000000000571b7b69829ce2568b9bc3d32eaf7405dab76b21,,212815,33571,11307271,0x0f2c9329,"split(address targetFork, address targetNoFork)",0.300601385,sent,0xcd0a0175ce2267e37b7c622417b4b621571aa77d
558,4673190,1512375932,0xc315b13a0b36cfe257d8012c3a1ceceec5bb6265f38420a2073484a9bb214054,668122,0x643a588c3f12b2a8ed9fe6f7298092272c64519e16bfa81b8b4453f18e1c610f,48,0xb2930b35844a230f00e51431acae96fe543a0347,0xcd0a0175ce2267e37b7c622417b4b621571aa77d,299571800000000000,100000,20000000000,0,1,0x,,6553281,21000,11302213,0x,,0.2995718,received,0xcd0a0175ce2267e37b7c622417b4b621571aa77d
559,4673313,1512377759,0x4f1432f6604ca6f5d2cf6a043a19a51db175843122683e31e69ca52cc71ffa61,279,0xfea30519370a3032a1ccd596c678d82b0ac70e2e594737d15536a7fc3f7a44a0,128,0xcd0a0175ce2267e37b7c622417b4b621571aa77d,0xabbb6bebfa05aa13e908eaa492bd7a8343760477,298396815000000000,150000,35000000000,0,1,0x0f2c9329000000000000000000000000167a9333bf582556f35bd4d16a7e80e191aa6476000000000000000000000000571b7b69829ce2568b9bc3d32eaf7405dab76b21,,5363855,33571,11302090,0x0f2c9329,"split(address targetFork, address targetNoFork)",0.298396815,sent,0xcd0a0175ce2267e37b7c622417b4b621571aa77d
560,4678992,1512466325,0xcb75b46a29d3996e5d91be48a039f75d404217ad699891fba0f0c33c3a487c9a,670489,0x61c85f848c79867e1f672e3256516ad92c62354fa233567ce16c42c074b11fda,12,0xb2930b35844a230f00e51431acae96fe543a0347,0xcd0a0175ce2267e37b7c622417b4b621571aa77d,300125910000000000,100000,80000000000,0,1,0x,,393215,21000,11296411,0x,,0.30012591,received,0xcd0a0175ce2267e37b7c622417b4b621571aa77d
561,4679125,1512468315,0xd315d61897003506e39502cf987b2ac0988dfd3076d6029a37893b496cf30319,280,0x901df68087a648801139c24185457fe59f1621e70f1a13918e287696b3f0b5ec,14,0xcd0a0175ce2267e37b7c622417b4b621571aa77d,0xabbb6bebfa05aa13e908eaa492bd7a8343760477,298950925000000000,150000,35000000000,0,1,0x0f2c9329000000000000000000000000167a9333bf582556f35bd4d16a7e80e191aa6476000000000000000000000000571b7b69829ce2568b9bc3d32eaf7405dab76b21,,518134,33571,11296278,0x0f2c9329,"split(address targetFork, address targetNoFork)",0.298950925,sent,0xcd0a0175ce2267e37b7c622417b4b621571aa77d
562,4683713,1512539369,0x533df753bc6e69c718b4a0228dba988dddb7e65d52d11668b769b4a1b75a9d0c,672638,0x890d09fafaff62c5f120363a145fb2b4f7c908ecba9ec1b16aed6b725f581e5c,40,0xb2930b35844a230f00e51431acae96fe543a0347,0xcd0a0175ce2267e37b7c622417b4b621571aa77d,300284110000000000,100000,40000000000,0,1,0x,,2517345,21000,11291690,0x,,0.30028411,received,0xcd0a0175ce2267e37b7c622417b4b621571aa77d
563,4683861,1512541760,0x1b9c50089e9db699cdaf6ed3a8d39755a855e129e1c5a5e78f0f9e26fbbbe74b,281,0x460b185bc8a4540f857de2d6442515cbb00052f0202fe0fed94ae7a35f8de49c,102,0xcd0a0175ce2267e37b7c622417b4b621571aa77d,0xabbb6bebfa05aa13e908eaa492bd7a8343760477,299109125000000000,150000,35000000000,0,1,0x0f2c9329000000000000000000000000167a9333bf582556f35bd4d16a7e80e191aa6476000000000000000000000000571b7b69829ce2568b9bc3d32eaf7405dab76b21,,3732108,33571,11291542,0x0f2c9329,"split(address targetFork, address targetNoFork)",0.299109125,sent,0xcd0a0175ce2267e37b7c622417b4b621571aa77d
564,4689450,1512628935,0x68591eaa4f8592aaaeb701540d201811a6fd4371d07cf3ddc3a5bbae3fe8b69e,675342,0xfd78fc20d0d6d2f18223192212d5d3bc7d71d4fe296aa71c6f616e40d06be6d8,49,0xb2930b35844a230f00e51431acae96fe543a0347,0xcd0a0175ce2267e37b7c622417b4b621571aa77d,310024980000000000,100000,80000000000,0,1,0x,,1452996,21000,11285953,0x,,0.31002498,received,0xcd0a0175ce2267e37b7c622417b4b621571aa77d
565,4689602,1512631180,0x4d2cb723ec53766dd55a40c21a9774d89eb31dff14297215832ea4f5bfd1aaaa,282,0x9ef4051c07e876fb1ea6fb82fdf14be65a7b09695bfa08e9a470402b2eb09deb,19,0xcd0a0175ce2267e37b7c622417b4b621571aa77d,0xabbb6bebfa05aa13e908eaa492bd7a8343760477,308849995000000000,150000,65000000000,0,1,0x0f2c9329000000000000000000000000167a9333bf582556f35bd4d16a7e80e191aa6476000000000000000000000000571b7b69829ce2568b9bc3d32eaf7405dab76b21,,850416,33571,11285801,0x0f2c9329,"split(address targetFork, address targetNoFork)",0.308849995,sent,0xcd0a0175ce2267e37b7c622417b4b621571aa77d
566,4694709,1512707069,0x541d0c9b1d5d66678b3cf12a8d457eb11c61d6c3ad1f49c2f19d10036005b921,677688,0xe5911807af321b1701a281980b923bb05d0a1b1d6a66076f1adce06e11406356,10,0xb2930b35844a230f00e51431acae96fe543a0347,0xcd0a0175ce2267e37b7c622417b4b621571aa77d,301559830000000000,100000,80000000000,0,1,0x,,394903,21000,11280694,0x,,0.30155983,received,0xcd0a0175ce2267e37b7c622417b4b621571aa77d
567,4697483,1512748474,0x5d8fb4510eddf258a5c0f44e556b9c24cb7edecc0b7a0860622a18e36fe86713,283,0x364f332ae3058e58a52620ee0f19c3aad756c50997db691604398319fbf0007f,120,0xcd0a0175ce2267e37b7c622417b4b621571aa77d,0xabbb6bebfa05aa13e908eaa492bd7a8343760477,299377715000000000,150000,65000000000,0,1,0x0f2c9329000000000000000000000000167a9333bf582556f35bd4d16a7e80e191aa6476000000000000000000000000571b7b69829ce2568b9bc3d32eaf7405dab76b21,,5246884,33571,11277920,0x0f2c9329,"split(address targetFork, address targetNoFork)",0.299377715,sent,0xcd0a0175ce2267e37b7c622417b4b621571aa77d
568,4706652,1512884956,0xaf41fe197485d99e29176e987945f674a199dac7b188aa2ef2d0dd4ae5741564,682739,0x982c64c26b091ab299fb01e7fc95fed57937fbe667b45f0dac1acdcdc0aac2d4,19,0xb2930b35844a230f00e51431acae96fe543a0347,0xcd0a0175ce2267e37b7c622417b4b621571aa77d,299137420000000000,100000,80000000000,0,1,0x,,444508,21000,11268751,0x,,0.29913742,received,0xcd0a0175ce2267e37b7c622417b4b621571aa77d
569,4706781,1512886919,0x3d0f987865704a02ea808b2a2ac42b6500078e00e647e34af010c10c6bfa6311,284,0x00d20c95703c3d210397ca486805f4bba215b99319e03b2cf15bde92dd63c392,15,0xcd0a0175ce2267e37b7c622417b4b621571aa77d,0xabbb6bebfa05aa13e908eaa492bd7a8343760477,296955305000000000,150000,65000000000,0,1,0x0f2c9329000000000000000000000000167a9333bf582556f35bd4d16a7e80e191aa6476000000000000000000000000571b7b69829ce2568b9bc3d32eaf7405dab76b21,,460523,33571,11268622,0x0f2c9329,"split(address targetFork, address targetNoFork)",0.296955305,sent,0xcd0a0175ce2267e37b7c622417b4b621571aa77d
570,4711560,1512957873,0x91ae20d8bb949ae96b4dc18e6aa3955f0cec71604f5a012ced9d8d9d213000c0,684825,0xea8eaa49a9e8fbe9ccd12a3221d3078bd03952e98ce362a6c3b6b16f85d60009,12,0xb2930b35844a230f00e51431acae96fe543a0347,0xcd0a0175ce2267e37b7c622417b4b621571aa77d,300888870000000000,100000,80000000000,0,1,0x,,273000,21000,11263843,0x,,0.30088887,received,0xcd0a0175ce2267e37b7c622417b4b621571aa77d
571,4711690,1512959725,0x6a8e55127bcebdafd5249334a39e8b758e3cb1a80d4b5dac3229d8fcc00bebe1,285,0x84ab270837e369eab44845014fac9bf52117a16ef973df2e03a2e23ccf8244d0,22,0xcd0a0175ce2267e37b7c622417b4b621571aa77d,0xabbb6bebfa05aa13e908eaa492bd7a8343760477,298706755000000000,150000,65000000000,0,1,0x0f2c9329000000000000000000000000167a9333bf582556f35bd4d16a7e80e191aa6476000000000000000000000000571b7b69829ce2568b9bc3d32eaf7405dab76b21,,927175,33571,11263713,0x0f2c9329,"split(address targetFork, address targetNoFork)",0.298706755,sent,0xcd0a0175ce2267e37b7c622417b4b621571aa77d
572,4717665,1513050305,0xcffb169d579f760814276a0592aed0b91c548343d54f6a6686aeb02bdb20d9dd,687984,0xa1757f1e11370520a63ba4cbc0ee09242ecfc6b5bf672c1a155937408e2cf9e6,26,0xb2930b35844a230f00e51431acae96fe543a0347,0xcd0a0175ce2267e37b7c622417b4b621571aa77d,298576840000000000,100000,80000000000,0,1,0x,,632790,21000,11257738,0x,,0.29857684,received,0xcd0a0175ce2267e37b7c622417b4b621571aa77d
573,4717838,1513052994,0x4cae59d2e0d2e3e078064149134f25028772db120cbf977672cec90766ae51ae,286,0xff515b8ace0d74670ca58dd19443d743f727bc987b0e677a3e3764a5d1aefdab,19,0xcd0a0175ce2267e37b7c622417b4b621571aa77d,0xabbb6bebfa05aa13e908eaa492bd7a8343760477,296394725000000000,150000,65000000000,0,1,0x0f2c9329000000000000000000000000167a9333bf582556f35bd4d16a7e80e191aa6476000000000000000000000000571b7b69829ce2568b9bc3d32eaf7405dab76b21,,2545263,33571,11257565,0x0f2c9329,"split(address targetFork, address targetNoFork)",0.296394725,sent,0xcd0a0175ce2267e37b7c622417b4b621571aa77d
574,4727514,1513199308,0x568d095174936ff6b31e180d1361d038a084d3ef19a687bb550db68f0f1bcc9c,693122,0x36233cad4fa1f8c0c43756c66bf3d2660120f1973af39ca5cad949d3b35e18b4,8,0xb2930b35844a230f00e51431acae96fe543a0347,0xcd0a0175ce2267e37b7c622417b4b621571aa77d,298971910000000000,100000,80000000000,0,1,0x,,189000,21000,11247889,0x,,0.29897191,received,0xcd0a0175ce2267e37b7c622417b4b621571aa77d
575,4727667,1513201533,0xd3b06824280fce1abdc25f5b543732412f973217d88377d0aa77a29c6c5ae768,287,0x8ecd06af7601180a5a1d018b9a5c7dd4bf873c1d0d3cfa4356d7c4e070ff5235,7,0xcd0a0175ce2267e37b7c622417b4b621571aa77d,0xabbb6bebfa05aa13e908eaa492bd7a8343760477,296789795000000000,150000,65000000000,0,1,0x0f2c9329000000000000000000000000167a9333bf582556f35bd4d16a7e80e191aa6476000000000000000000000000571b7b69829ce2568b9bc3d32eaf7405dab76b21,,258252,33571,11247736,0x0f2c9329,"split(address targetFork, address targetNoFork)",0.296789795,sent,0xcd0a0175ce2267e37b7c622417b4b621571aa77d
576,4735765,1513324609,0x293a00ce433319bdd823b844daae23e5bb9c549ed622b1fb332c0f2cb9a40d0f,697455,0x269123c20626eae6041868dbc8aac5f5e96b09b5b9fbcaa13a8513b0440b94d6,51,0xb2930b35844a230f00e51431acae96fe543a0347,0xcd0a0175ce2267e37b7c622417b4b621571aa77d,300136950000000000,100000,80000000000,0,1,0x,,1294195,21000,11239638,0x,,0.30013695,received,0xcd0a0175ce2267e37b7c622417b4b621571aa77d
577,4735941,1513327064,0x2dd761b80706aa12d3c2a9e87ce5540eb57fdac6a81b5554029b5b1fa44728aa,288,0x09d9d536f33a232a5208fbaa5f81525139b49c6b1f9580c8bf1050c329886529,19,0xcd0a0175ce2267e37b7c622417b4b621571aa77d,0xabbb6bebfa05aa13e908eaa492bd7a8343760477,297954835000000000,150000,65000000000,0,1,0x0f2c9329000000000000000000000000167a9333bf582556f35bd4d16a7e80e191aa6476000000000000000000000000571b7b69829ce2568b9bc3d32eaf7405dab76b21,,780089,33571,11239462,0x0f2c9329,"split(address targetFork, address targetNoFork)",0.297954835,sent,0xcd0a0175ce2267e37b7c622417b4b621571aa77d
578,4741799,1513414984,0xf5a9c053733adb3b19772736f49e21863430abb762f96cbc4ed6c3460c88e15c,700206,0xfe9806fdee18436de12ec17973053c41306ce89b9e84936687d4bd0691797ed8,198,0xb2930b35844a230f00e51431acae96fe543a0347,0xcd0a0175ce2267e37b7c622417b4b621571aa77d,298942810000000000,100000,80000000000,0,1,0x,,7406809,21000,11233604,0x,,0.29894281,received,0xcd0a0175ce2267e37b7c622417b4b621571aa77d
579,4741944,1513416927,0xf8048fec62c37a0b1b77fc4914bc24ec7228efe7e8bfe7aa69be1ebc5c7ee586,289,0xa8fdccab68f4ecf7c6a4033f0c001cea9a1d746f60fbca1c879dec45b73bc230,4,0xcd0a0175ce2267e37b7c622417b4b621571aa77d,0xabbb6bebfa05aa13e908eaa492bd7a8343760477,296760695000000000,150000,65000000000,0,1,0x0f2c9329000000000000000000000000167a9333bf582556f35bd4d16a7e80e191aa6476000000000000000000000000571b7b69829ce2568b9bc3d32eaf7405dab76b21,,133956,33571,11233459,0x0f2c9329,"split(address targetFork, address targetNoFork)",0.296760695,sent,0xcd0a0175ce2267e37b7c622417b4b621571aa77d
580,4748233,1513510162,0xadf5ea7c10efb44ec07fe99d2aaca24ad3e17cfc1e860c75501c312a7f41a54d,703308,0x6c2a2403165a172853e083a15a57c6b3c5ae3c24eb84a212147f9c91183a2384,106,0xb2930b35844a230f00e51431acae96fe543a0347,0xcd0a0175ce2267e37b7c622417b4b621571aa77d,298456160000000000,100000,80000000000,0,1,0x,,4248001,21000,11227170,0x,,0.29845616,received,0xcd0a0175ce2267e37b7c622417b4b621571aa77d
581,4748366,1513512247,0xdf806c8ebf0c9ea73e65ca1c921e6e9f6afbc496f8c2ae822ccdb17fffe05443,290,0xef51345645408e4757dfacc484518a4123c7961a17bbc1b1cf07c8b2b57b2b7a,11,0xcd0a0175ce2267e37b7c622417b4b621571aa77d,0xabbb6bebfa05aa13e908eaa492bd7a8343760477,296274045000000000,150000,65000000000,0,1,0x0f2c9329000000000000000000000000167a9333bf582556f35bd4d16a7e80e191aa6476000000000000000000000000571b7b69829ce2568b9bc3d32eaf7405dab76b21,,418955,33571,11227037,0x0f2c9329,"split(address targetFork, address targetNoFork)",0.296274045,sent,0xcd0a0175ce2267e37b7c622417b4b621571aa77d
582,4755152,1513612268,0xaf9d0c6b2b181e75346bf37eecfd916838dffe0c0c937ad68978fa8ac00c8bc8,706932,0x003366ae9088dbaff5c0fcf0ab70ce6dc58b8782a3497508808e95f2adbc2817,22,0xb2930b35844a230f00e51431acae96fe543a0347,0xcd0a0175ce2267e37b7c622417b4b621571aa77d,298657070000000000,100000,80000000000,0,1,0x,,555293,21000,11220251,0x,,0.29865707,received,0xcd0a0175ce2267e37b7c622417b4b621571aa77d
583,4755375,1513616001,0x38e938ddd1ceb44d3c19485b64fb54eed2424283a4f2328b8d605ce25420770e,291,0xed5787297053d210c0465e68f4aadd56161cbb02cfc504af0427da3d4d97b776,130,0xcd0a0175ce2267e37b7c622417b4b621571aa77d,0xabbb6bebfa05aa13e908eaa492bd7a8343760477,296474955000000000,40000,21000000000,0,1,0x0f2c9329000000000000000000000000167a9333bf582556f35bd4d16a7e80e191aa6476000000000000000000000000571b7b69829ce2568b9bc3d32eaf7405dab76b21,,4186055,33571,11220028,0x0f2c9329,"split(address targetFork, address targetNoFork)",0.296474955,sent,0xcd0a0175ce2267e37b7c622417b4b621571aa77d
584,4761031,1513703374,0xa9a9ad6c7dc324ae87b9edf51f4c030b9ba49739f7075a65d88c00ef2f3eaf43,710528,0x37435b037710561942d0166f033e92b7a5cea081e27567a01ecf203d8fac1b3d,13,0xb2930b35844a230f00e51431acae96fe543a0347,0xcd0a0175ce2267e37b7c622417b4b621571aa77d,299208370000000000,100000,80000000000,0,1,0x,,294000,21000,11214372,0x,,0.29920837,received,0xcd0a0175ce2267e37b7c622417b4b621571aa77d
585,4761173,1513705590,0x7b31ba6dbe82661e7c6da4781468089906f47286ffb4d7068f3874c4601dc07d,292,0x3a719fa68bd6a6a777c9041a7200aae35fb639b158591f47e513eda82b340db2,85,0xcd0a0175ce2267e37b7c622417b4b621571aa77d,0xabbb6bebfa05aa13e908eaa492bd7a8343760477,298503379000000000,40000,21000000000,0,1,0x0f2c9329000000000000000000000000167a9333bf582556f35bd4d16a7e80e191aa6476000000000000000000000000571b7b69829ce2568b9bc3d32eaf7405dab76b21,,3559248,33571,11214230,0x0f2c9329,"split(address targetFork, address targetNoFork)",0.298503379,sent,0xcd0a0175ce2267e37b7c622417b4b621571aa77d
586,4767086,1513797590,0xb7b1a0fc878b109286af8150397607e1a5c1b8779d829462a4c7eb4232902c91,713914,0x6d904ea815e622eb3e1ce0fb59a3b9e9a123dc8dffecb887adf8633772739854,7,0xb2930b35844a230f00e51431acae96fe543a0347,0xcd0a0175ce2267e37b7c622417b4b621571aa77d,300399210000000000,100000,80000000000,0,1,0x,,176491,21000,11208317,0x,,0.30039921,received,0xcd0a0175ce2267e37b7c622417b4b621571aa77d
587,4767387,1513802028,0xe197a9a616ccd4411675b90cc379ecc4d2f3ea4f6821cabba4bc1704aa9fdb28,293,0x6e897e1c7093d1cfc612f464f4c8359099e1a3046e0ade705d22b48f0a8da390,97,0xcd0a0175ce2267e37b7c622417b4b621571aa77d,0xabbb6bebfa05aa13e908eaa492bd7a8343760477,299694219000000000,40000,21000000000,0,1,0x0f2c9329000000000000000000000000167a9333bf582556f35bd4d16a7e80e191aa6476000000000000000000000000571b7b69829ce2568b9bc3d32eaf7405dab76b21,,7556509,33571,11208016,0x0f2c9329,"split(address targetFork, address targetNoFork)",0.299694219,sent,0xcd0a0175ce2267e37b7c622417b4b621571aa77d
588,4772929,1513887549,0x7e14a5b758bbcdeef83fa50b3c7517ada203c71327f399a465e199de54ef355c,717152,0x48e04228fe6565c5c3f2a52e80d8f2a327e6987a6dcdaca3ef9d3856555c4f8b,9,0xb2930b35844a230f00e51431acae96fe543a0347,0xcd0a0175ce2267e37b7c622417b4b621571aa77d,301717000000000000,100000,80000000000,0,1,0x,,210000,21000,11202474,0x,,0.301717,received,0xcd0a0175ce2267e37b7c622417b4b621571aa77d
589,4773165,1513891325,0xe2581ee4e31c9eccbad87ccaf2dad2cd76fbf1704a26f499edb139b9d53f5b91,294,0x987661ac55fe65daaf837236351f3aaada259bcee0c4729ae05917c2b2497c89,131,0xcd0a0175ce2267e37b7c622417b4b621571aa77d,0xabbb6bebfa05aa13e908eaa492bd7a8343760477,301012009000000000,40000,21000000000,0,1,0x0f2c9329000000000000000000000000167a9333bf582556f35bd4d16a7e80e191aa6476000000000000000000000000571b7b69829ce2568b9bc3d32eaf7405dab76b21,,7213443,33571,11202238,0x0f2c9329,"split(address targetFork, address targetNoFork)",0.301012009,sent,0xcd0a0175ce2267e37b7c622417b4b621571aa77d
590,4778983,1513980284,0xa3901fa07b972e8c14a48ff306869e63f9d9f28356ff03ac2bf627310aed0b31,720241,0x1a5a7b48e373d9500ef2ddde2616fa06e3d67c187aed901bdada0f5fc4882af8,24,0xb2930b35844a230f00e51431acae96fe543a0347,0xcd0a0175ce2267e37b7c622417b4b621571aa77d,299868240000000000,100000,80000000000,0,1,0x,,711716,21000,11196420,0x,,0.29986824,received,0xcd0a0175ce2267e37b7c622417b4b621571aa77d
591,4779145,1513982708,0x48acf6db176de314fbcd2bbc48d32036d991ed91bc16ce68da6abe0d65cc20b0,295,0xd3a5abe2e115a0783018cca6187d125e08bcf25dcb7bae0ff5325157353a3eb4,159,0xcd0a0175ce2267e37b7c622417b4b621571aa77d,0xabbb6bebfa05aa13e908eaa492bd7a8343760477,299163249000000000,40000,21000000000,0,1,0x0f2c9329000000000000000000000000167a9333bf582556f35bd4d16a7e80e191aa6476000000000000000000000000571b7b69829ce2568b9bc3d32eaf7405dab76b21,,7348771,33571,11196258,0x0f2c9329,"split(address targetFork, address targetNoFork)",0.299163249,sent,0xcd0a0175ce2267e37b7c622417b4b621571aa77d
592,4785308,1514072853,0xf0a26913702058715feeb57a563ba22ebf235d824286edcd8f2bd92344848511,723163,0xbc579fa8636d16f00c191ff20098157687f820027250f03c6b44149475073fcc,17,0xb2930b35844a230f00e51431acae96fe543a0347,0xcd0a0175ce2267e37b7c622417b4b621571aa77d,299151090000000000,100000,80000000000,0,1,0x,,412667,21000,11190095,0x,,0.29915109,received,0xcd0a0175ce2267e37b7c622417b4b621571aa77d
593,4785437,1514074727,0x92098e1663b0047561af84cc5f5f441f22f2ffbf8ee43c12bd1c4a88cdd99e2f,296,0x0a2d031239b0c2469053c2a229e77a1af891f998f279ae259b0c13e865c2e540,260,0xcd0a0175ce2267e37b7c622417b4b621571aa77d,0xabbb6bebfa05aa13e908eaa492bd7a8343760477,298446099000000000,40000,21000000000,0,1,0x0f2c9329000000000000000000000000167a9333bf582556f35bd4d16a7e80e191aa6476000000000000000000000000571b7b69829ce2568b9bc3d32eaf7405dab76b21,,7993231,33571,11189966,0x0f2c9329,"split(address targetFork, address targetNoFork)",0.298446099,sent,0xcd0a0175ce2267e37b7c622417b4b621571aa77d
594,4792699,1514178962,0x3c5a49e04daff8f0f9876611acf49f3653b107e5a8a74cbaa3d00e0f6b68e4a9,726402,0x8f71f3bcc9a072ce20af971146a69a7e2e343249dee3b18efe97db933e4d502e,90,0xb2930b35844a230f00e51431acae96fe543a0347,0xcd0a0175ce2267e37b7c622417b4b621571aa77d,300173410000000000,100000,80000000000,0,1,0x,,2826361,21000,11182704,0x,,0.30017341,received,0xcd0a0175ce2267e37b7c622417b4b621571aa77d
595,4792996,1514183766,0x6f5af83f178331030ac0cfaa0f6d63d82c5f9d1eabd767b281ceb20829c8177d,297,0x3994beb4cc138214c90ba621136ae626e9cccb2abfc1790a82acbfa762872a78,40,0xcd0a0175ce2267e37b7c622417b4b621571aa77d,0xabbb6bebfa05aa13e908eaa492bd7a8343760477,299468419000000000,40000,21000000000,0,1,0x0f2c9329000000000000000000000000167a9333bf582556f35bd4d16a7e80e191aa6476000000000000000000000000571b7b69829ce2568b9bc3d32eaf7405dab76b21,,1697209,33571,11182407,0x0f2c9329,"split(address targetFork, address targetNoFork)",0.299468419,sent,0xcd0a0175ce2267e37b7c622417b4b621571aa77d
596,4799663,1514279593,0xa60e75a144e2bcd4f3021332ba8c599bacd5b34b6d730bcadfdfe27e4ae30af9,729941,0x235db745ed6a7754d7848bfc2c184aa96b50da5eac81ee3739c5ce56dee0e96a,25,0xb2930b35844a230f00e51431acae96fe543a0347,0xcd0a0175ce2267e37b7c622417b4b621571aa77d,299606380000000000,100000,80000000000,0,1,0x,,546000,21000,11175740,0x,,0.29960638,received,0xcd0a0175ce2267e37b7c622417b4b621571aa77d
597,4800068,1514284900,0xa9e6da01805169fe173356d067ebc8e31efa663aa1f51e6bcc3ee58b35342c97,298,0x4e05fb2f3f04413fc49f2ece3ad29292ffd8e58a6db32ca78613416abecb491f,65,0xcd0a0175ce2267e37b7c622417b4b621571aa77d,0xabbb6bebfa05aa13e908eaa492bd7a8343760477,298901389000000000,40000,21000000000,0,1,0x0f2c9329000000000000000000000000167a9333bf582556f35bd4d16a7e80e191aa6476000000000000000000000000571b7b69829ce2568b9bc3d32eaf7405dab76b21,,2231363,33571,11175335,0x0f2c9329,"split(address targetFork, address targetNoFork)",0.298901389,sent,0xcd0a0175ce2267e37b7c622417b4b621571aa77d
598,4806493,1514377938,0x59da0db0590462a6615769729a395b3ce5533b1ae0c58bea201444150683fa73,733322,0xceaa4afe9b7d646a135f1d1987f72f586a853337f40390d07b6a496b42bbd405,24,0xb2930b35844a230f00e51431acae96fe543a0347,0xcd0a0175ce2267e37b7c622417b4b621571aa77d,298667340000000000,100000,80000000000,0,1,0x,,570093,21000,11168910,0x,,0.29866734,received,0xcd0a0175ce2267e37b7c622417b4b621571aa77d
599,4806678,1514380529,0x605819f6fd6a79f25baf34f83b6a081d1ebe0a71579caa56fdd7a623ae2196f4,299,0xe3ef74ec2964a7d2d9ba088247a0be6531a2be23557c6843dda6c85b6f8d47c7,26,0xcd0a0175ce2267e37b7c622417b4b621571aa77d,0xabbb6bebfa05aa13e908eaa492bd7a8343760477,297962349000000000,40000,21000000000,0,1,0x0f2c9329000000000000000000000000167a9333bf582556f35bd4d16a7e80e191aa6476000000000000000000000000571b7b69829ce2568b9bc3d32eaf7405dab76b21,,663932,33571,11168725,0x0f2c9329,"split(address targetFork, address targetNoFork)",0.297962349,sent,0xcd0a0175ce2267e37b7c622417b4b621571aa77d
600,4813450,1514478948,0x94e91874f2263e60978896f434160b8628c2bbb7d8d495e97f5fcf61ccaa1e07,736829,0x6ffc416b43013d47269b59fe5f5a2fd630be2d694a791b03c238128d9290d080,8,0xb2930b35844a230f00e51431acae96fe543a0347,0xcd0a0175ce2267e37b7c622417b4b621571aa77d,298844010000000000,100000,80000000000,0,1,0x,,189000,21000,11161953,0x,,0.29884401,received,0xcd0a0175ce2267e37b7c622417b4b621571aa77d
601,4813925,1514486263,0x905e53481b3b0bd53630c51cf56d504257b9d2c1540252064087f010151d8e1b,300,0x527bf14db2e24692d5d91b2508a4500f6cc004c13cb1244804747d6fd4845728,63,0xcd0a0175ce2267e37b7c622417b4b621571aa77d,0xabbb6bebfa05aa13e908eaa492bd7a8343760477,298139019000000000,40000,21000000000,0,1,0x0f2c9329000000000000000000000000167a9333bf582556f35bd4d16a7e80e191aa6476000000000000000000000000571b7b69829ce2568b9bc3d32eaf7405dab76b21,,3145948,33571,11161478,0x0f2c9329,"split(address targetFork, address targetNoFork)",0.298139019,sent,0xcd0a0175ce2267e37b7c622417b4b621571aa77d
602,4820326,1514582017,0x3a69bce00040ba49f5731e7ec922ca7ad073be02ec927f600c5cf3357204a0ff,740387,0xb88e1f0625fc0377f56e15e653cc4c7aca41080808ca67cf23c990aadb926b66,129,0xb2930b35844a230f00e51431acae96fe543a0347,0xcd0a0175ce2267e37b7c622417b4b621571aa77d,300672740000000000,100000,40000000000,0,1,0x,,5517558,21000,11155077,0x,,0.30067274,received,0xcd0a0175ce2267e37b7c622417b4b621571aa77d
603,4820459,1514584074,0xdb1572ebc293a6293dcd3f68b41adb901f07291bf5641176297a30aced94bc30,301,0xefbab41a1cc05fb38c68560f3d6570d36e547d019ba431080e469dc55644cfcb,49,0xcd0a0175ce2267e37b7c622417b4b621571aa77d,0xabbb6bebfa05aa13e908eaa492bd7a8343760477,299967749000000000,40000,21000000000,0,1,0x0f2c9329000000000000000000000000167a9333bf582556f35bd4d16a7e80e191aa6476000000000000000000000000571b7b69829ce2568b9bc3d32eaf7405dab76b21,,2128473,33571,11154944,0x0f2c9329,"split(address targetFork, address targetNoFork)",0.299967749,sent,0xcd0a0175ce2267e37b7c622417b4b621571aa77d
604,4827145,1514683289,0x74fe65f38c76d755e70be2c1e16fad8b2ab772c839512a48f6450523a61fa674,744197,0xbd635acee407b3df3ec2383b002c0ddca4f1ec8cdb201b79cf56f5d2b2321762,206,0xb2930b35844a230f00e51431acae96fe543a0347,0xcd0a0175ce2267e37b7c622417b4b621571aa77d,300568440000000000,100000,40000000000,0,1,0x,,7220637,21000,11148258,0x,,0.30056844,received,0xcd0a0175ce2267e37b7c622417b4b621571aa77d
605,4827271,1514685110,0x44660113fc7dcdc8f753754fc1fd329e0129bde71e3db942d7c955ac9c001edf,302,0x2fd132ca0e3ccb670dcb4c6310c57f4a15a035409c7dc31db3d79e63b8c61f2c,30,0xcd0a0175ce2267e37b7c622417b4b621571aa77d,0xabbb6bebfa05aa13e908eaa492bd7a8343760477,299863449000000000,40000,21000000000,0,1,0x0f2c9329000000000000000000000000167a9333bf582556f35bd4d16a7e80e191aa6476000000000000000000000000571b7b69829ce2568b9bc3d32eaf7405dab76b21,,1575448,33571,11148132,0x0f2c9329,"split(address targetFork, address targetNoFork)",0.299863449,sent,0xcd0a0175ce2267e37b7c622417b4b621571aa77d
606,4836833,1514825001,0xad7b39ced1aa3a644b4514c5f9d29106b2e90d54ff0fb59e3330dd565b6f9f8f,749602,0x495fadc7719f7b8eb9776b4bdb347b9e80d8b5b82ed879270fb311f4c1acc83d,104,0xb2930b35844a230f00e51431acae96fe543a0347,0xcd0a0175ce2267e37b7c622417b4b621571aa77d,300207940000000000,100000,40000000000,0,1,0x,,3046181,21000,11138570,0x,,0.30020794,received,0xcd0a0175ce2267e37b7c622417b4b621571aa77d
607,4836956,1514826565,0xba50e5a0030e06d999e7a133d1e0a0a926bcc57df1f571757c70c604ff071dd4,303,0x254c81d5c72eaa16920f9793a5502599c4297f42b424bd047ce34121db370375,83,0xcd0a0175ce2267e37b7c622417b4b621571aa77d,0xabbb6bebfa05aa13e908eaa492bd7a8343760477,299502949000000000,40000,21000000000,0,1,0x0f2c9329000000000000000000000000167a9333bf582556f35bd4d16a7e80e191aa6476000000000000000000000000571b7b69829ce2568b9bc3d32eaf7405dab76b21,,5342900,33571,11138447,0x0f2c9329,"split(address targetFork, address targetNoFork)",0.299502949,sent,0xcd0a0175ce2267e37b7c622417b4b621571aa77d
608,4843942,1514931149,0x5965369c4e647cd2d23d525886cd838f906883f871043f1cc85d9f8a8641872c,754200,0x5e8fdfd4d84d88c37433e2ea4a5efb54732967e90bad490d13247d934c6d3cdc,12,0xb2930b35844a230f00e51431acae96fe543a0347,0xcd0a0175ce2267e37b7c622417b4b621571aa77d,299228910000000000,100000,40000000000,0,1,0x,,389906,21000,11131461,0x,,0.29922891,received,0xcd0a0175ce2267e37b7c622417b4b621571aa77d
609,4844073,1514932962,0x11172cdd56dc892e6be78376568fb1ed849140a99cb879400903a978ed9c7505,304,0x8f1fe2f30e5d515ad22a36104e7b555c6061a9635cf71d6594ef03d7fc81746e,23,0xcd0a0175ce2267e37b7c622417b4b621571aa77d,0xabbb6bebfa05aa13e908eaa492bd7a8343760477,298523919000000000,40000,21000000000,0,1,0x0f2c9329000000000000000000000000167a9333bf582556f35bd4d16a7e80e191aa6476000000000000000000000000571b7b69829ce2568b9bc3d32eaf7405dab76b21,,881427,33571,11131330,0x0f2c9329,"split(address targetFork, address targetNoFork)",0.298523919,sent,0xcd0a0175ce2267e37b7c622417b4b621571aa77d
610,4850700,1515037432,0x403f3128ef240cd5aa411b2efcc9e0dc799b6ab50f8ff2767283a6450b514e49,758555,0x005bdf888052ccf31192389268a1f8c5c4009ac7d5d3cf37c57a926f092401ab,33,0xb2930b35844a230f00e51431acae96fe543a0347,0xcd0a0175ce2267e37b7c622417b4b621571aa77d,300651130000000000,100000,40000000000,0,1,0x,,1207185,21000,11124703,0x,,0.30065113,received,0xcd0a0175ce2267e37b7c622417b4b621571aa77d
611,4850833,1515039766,0x23118bd0d0eb76e03288eb6a556f23feff05a1d4fa7b7e8f8a69b618bc7a210b,305,0x6dff765af6ff7af467d8225b86a73d3e774094e116d85dacde5de0f12f0834f6,57,0xcd0a0175ce2267e37b7c622417b4b621571aa77d,0xabbb6bebfa05aa13e908eaa492bd7a8343760477,299946139000000000,40000,21000000000,0,1,0x0f2c9329000000000000000000000000167a9333bf582556f35bd4d16a7e80e191aa6476000000000000000000000000571b7b69829ce2568b9bc3d32eaf7405dab76b21,,2656014,33571,11124570,0x0f2c9329,"split(address targetFork, address targetNoFork)",0.299946139,sent,0xcd0a0175ce2267e37b7c622417b4b621571aa77d
612,4857488,1515145235,0xa5f24631eca77d53306ac777650d5c970eeaf3a30d9a6475af0195215453a3ba,762798,0x6a2cfd36ee5b06f42b8637bcb83254314fe3f0c09c7fb4dd832e7c739c35eb64,215,0xb2930b35844a230f00e51431acae96fe543a0347,0xcd0a0175ce2267e37b7c622417b4b621571aa77d,299652520000000000,100000,80000000000,0,1,0x,,5348613,21000,11117915,0x,,0.29965252,received,0xcd0a0175ce2267e37b7c622417b4b621571aa77d
613,4859021,1515169689,0xe6162223cd1d95e76fa003f8bfbd7e79b192f3eb121a4aa4a28c9a042d2bdc92,306,0xd17fe06d43c86e10ea4626e72648ff5a4e1e36e7cd4753e36326fb4171be8a10,148,0xcd0a0175ce2267e37b7c622417b4b621571aa77d,0xabbb6bebfa05aa13e908eaa492bd7a8343760477,298947529000000000,40000,21000000000,0,1,0x0f2c9329000000000000000000000000167a9333bf582556f35bd4d16a7e80e191aa6476000000000000000000000000571b7b69829ce2568b9bc3d32eaf7405dab76b21,,5226047,33571,11116382,0x0f2c9329,"split(address targetFork, address targetNoFork)",0.298947529,sent,0xcd0a0175ce2267e37b7c622417b4b621571aa77d
614,4864171,1515252380,0x9dc87106f02449279053cb97adb2131c0b102f74b798fae3dee96a8aa2891395,766428,0x118f3c6ef53f18cbd3642ff85b450e70b457b352e7cd6f43108f5faac94d7d58,31,0xb2930b35844a230f00e51431acae96fe543a0347,0xcd0a0175ce2267e37b7c622417b4b621571aa77d,299245150000000000,100000,120000000000,0,1,0x,,849233,21000,11111232,0x,,0.29924515,received,0xcd0a0175ce2267e37b7c622417b4b621571aa77d
615,4864350,1515255204,0xa4d4432194e511f5004fe8edf571d3269be36364857a395605dae099dc4642b9,307,0xe4fdef38cfc94642730a64432f669d5761393f275e6993648852e27886c4e024,108,0xcd0a0175ce2267e37b7c622417b4b621571aa77d,0xabbb6bebfa05aa13e908eaa492bd7a8343760477,298540159000000000,40000,21000000000,0,1,0x0f2c9329000000000000000000000000167a9333bf582556f35bd4d16a7e80e191aa6476000000000000000000000000571b7b69829ce2568b9bc3d32eaf7405dab76b21,,4520641,33571,11111053,0x0f2c9329,"split(address targetFork, address targetNoFork)",0.298540159,sent,0xcd0a0175ce2267e37b7c622417b4b621571aa77d
616,4870617,1515354088,0x47e1f00ee967f3d1e08dbfd5e452b135d6e43833b34bb562e4d74d9b04828bf4,770300,0xc95596acc3df404f85c121dcd7f16ce691f274f046e2d54d4e38a2091819e6e1,6,0xb2930b35844a230f00e51431acae96fe543a0347,0xcd0a0175ce2267e37b7c622417b4b621571aa77d,297457680000000000,100000,120000000000,0,1,0x,,185098,21000,11104786,0x,,0.29745768,received,0xcd0a0175ce2267e37b7c622417b4b621571aa77d
617,4870748,1515355935,0x6f1682312509a17627cee4ecf0fe077411bc01eb88be8f7fd567bb31f116186d,308,0x804037a21f931578bddfb1d4a27133513717d9d53467ea9e9f101848314ae419,164,0xcd0a0175ce2267e37b7c622417b4b621571aa77d,0xabbb6bebfa05aa13e908eaa492bd7a8343760477,296752689000000000,40000,21000000000,0,1,0x0f2c9329000000000000000000000000167a9333bf582556f35bd4d16a7e80e191aa6476000000000000000000000000571b7b69829ce2568b9bc3d32eaf7405dab76b21,,7666951,33571,11104655,0x0f2c9329,"split(address targetFork, address targetNoFork)",0.296752689,sent,0xcd0a0175ce2267e37b7c622417b4b621571aa77d
618,4877311,1515460192,0xff8fe8e522c4858de058475617d33a0a8db8e445af84752527b24ac388973ce7,774650,0x843b0e62a6cbcd7a01c251c5af3b7709e4cbd2bc320de1eecb26477cdb9d1e47,17,0xb2930b35844a230f00e51431acae96fe543a0347,0xcd0a0175ce2267e37b7c622417b4b621571aa77d,297619750000000000,100000,120000000000,0,1,0x,,512285,21000,11098092,0x,,0.29761975,received,0xcd0a0175ce2267e37b7c622417b4b621571aa77d
619,4877544,1515463955,0xdb1618e1abd313f0f71fe20d643a1c01517aa92b727a80a0be9709b6e99c253e,309,0xb7308e19ca002b80f41cfb6bd8c794790177c0b0f56d89890a8becb337af38d2,196,0xcd0a0175ce2267e37b7c622417b4b621571aa77d,0xabbb6bebfa05aa13e908eaa492bd7a8343760477,296914759000000000,40000,21000000000,0,1,0x0f2c9329000000000000000000000000167a9333bf582556f35bd4d16a7e80e191aa6476000000000000000000000000571b7b69829ce2568b9bc3d32eaf7405dab76b21,,7867216,33571,11097859,0x0f2c9329,"split(address targetFork, address targetNoFork)",0.296914759,sent,0xcd0a0175ce2267e37b7c622417b4b621571aa77d
620,4884551,1515576952,0xc0c7fc4851619758bfa11efb3972ea58d45b5ff303995285992fc4fc8c0b6a04,779300,0x6c15ee2f50ab5aa7a82a115fbc947c2ce3264ace9686e09a6321d2ab2767ebf3,73,0xb2930b35844a230f00e51431acae96fe543a0347,0xcd0a0175ce2267e37b7c622417b4b621571aa77d,298330650000000000,100000,120000000000,0,1,0x,,1564049,21000,11090852,0x,,0.29833065,received,0xcd0a0175ce2267e37b7c622417b4b621571aa77d
621,4884681,1515578966,0xb52299c8195aa92affef452f47f4f85abc75ec18ce4b5f0abe9416b3f9a083a3,310,0x462cbd121e52cf6f7a04546045b6a0770b5212b2081fc26214469cdbd2c22f89,219,0xcd0a0175ce2267e37b7c622417b4b621571aa77d,0xabbb6bebfa05aa13e908eaa492bd7a8343760477,297625659000000000,40000,21000000000,0,1,0x0f2c9329000000000000000000000000167a9333bf582556f35bd4d16a7e80e191aa6476000000000000000000000000571b7b69829ce2568b9bc3d32eaf7405dab76b21,,7270727,33571,11090722,0x0f2c9329,"split(address targetFork, address targetNoFork)",0.297625659,sent,0xcd0a0175ce2267e37b7c622417b4b621571aa77d
622,4893114,1515712900,0xbf0e246e0fc496ccc727ffa456d9e00d354cf1e1fe12393ec8e5c3968183da2d,784054,0xe7a7d5d07ca93e9383c55e63987ddc816f87b28414b3c419829b82dfd900d3d5,29,0xb2930b35844a230f00e51431acae96fe543a0347,0xcd0a0175ce2267e37b7c622417b4b621571aa77d,297404420000000000,100000,120000000000,0,1,0x,,1263275,21000,11082289,0x,,0.29740442,received,0xcd0a0175ce2267e37b7c622417b4b621571aa77d
623,4893251,1515714977,0x759e4c8bc0bc6214c53c1bb23852252c339540ef9938af748704e3520844c162,311,0x346e54a7960d82cde75268ddb63e7d7a285bf02dd104821965e638caf877e564,100,0xcd0a0175ce2267e37b7c622417b4b621571aa77d,0xabbb6bebfa05aa13e908eaa492bd7a8343760477,296699429000000000,40000,21000000000,0,1,0x0f2c9329000000000000000000000000167a9333bf582556f35bd4d16a7e80e191aa6476000000000000000000000000571b7b69829ce2568b9bc3d32eaf7405dab76b21,,3531675,33571,11082152,0x0f2c9329,"split(address targetFork, address targetNoFork)",0.296699429,sent,0xcd0a0175ce2267e37b7c622417b4b621571aa77d
624,4900197,1515825470,0x6cfc872a163032b7e489330856415eb4713bf4e652d06908c48d72497e25f7c3,788259,0xb6334bb87cd2a8b8e40996e6a9ca5226e3bcc0b28a1b0a6c21c5945f0ac0f6ab,139,0xb2930b35844a230f00e51431acae96fe543a0347,0xcd0a0175ce2267e37b7c622417b4b621571aa77d,297769330000000000,100000,120000000000,0,1,0x,,4425977,21000,11075206,0x,,0.29776933,received,0xcd0a0175ce2267e37b7c622417b4b621571aa77d
625,4900335,1515827886,0x5a40ab98a4909a2d18be4854dbf7d32877988ce63a42d69052491129e13e655c,312,0x5d14c7d0fc6f810bdaa86546d405e52bc26f793720a8826e22826318565c1606,75,0xcd0a0175ce2267e37b7c622417b4b621571aa77d,0xabbb6bebfa05aa13e908eaa492bd7a8343760477,297064339000000000,40000,21000000000,0,1,0x0f2c9329000000000000000000000000167a9333bf582556f35bd4d16a7e80e191aa6476000000000000000000000000571b7b69829ce2568b9bc3d32eaf7405dab76b21,,2956010,33571,11075068,0x0f2c9329,"split(address targetFork, address targetNoFork)",0.297064339,sent,0xcd0a0175ce2267e37b7c622417b4b621571aa77d
626,4907930,1515947039,0xd47a046ce1dc157355c5e773b6980e69e51f20ed93fc65b71313d7f594d0a7fb,792711,0x36d26bd6601dbd484f5d59e448cea1db8403b3b2bdb758e41ee110c173bb6b78,24,0xb2930b35844a230f00e51431acae96fe543a0347,0xcd0a0175ce2267e37b7c622417b4b621571aa77d,298839450000000000,100000,100000000000,0,1,0x,,913688,21000,11067473,0x,,0.29883945,received,0xcd0a0175ce2267e37b7c622417b4b621571aa77d
627,4908092,1515949378,0x4be75701bfe2fefd45cd2b7016ba2e261f8765584283ca9f23b965a9405a34ec,313,0x173de77d478aba8da60a7647e362e9a8d81f532e0a737a7f1f1a4d2c49cba1a7,110,0xcd0a0175ce2267e37b7c622417b4b621571aa77d,0xabbb6bebfa05aa13e908eaa492bd7a8343760477,298134459000000000,40000,21000000000,0,1,0x0f2c9329000000000000000000000000167a9333bf582556f35bd4d16a7e80e191aa6476000000000000000000000000571b7b69829ce2568b9bc3d32eaf7405dab76b21,,7918046,33571,11067311,0x0f2c9329,"split(address targetFork, address targetNoFork)",0.298134459,sent,0xcd0a0175ce2267e37b7c622417b4b621571aa77d
628,4915881,1516072635,0x7760d7bb61e0e0a92f4ee7327e9a9fd6d4931e4db09f0626c673de9dbaeeb458,797436,0xdf7308fc8ef7754fe18c68ca7e31c314390e34014d7f95b5f3047037512af43c,20,0xb2930b35844a230f00e51431acae96fe543a0347,0xcd0a0175ce2267e37b7c622417b4b621571aa77d,298832240000000000,100000,100000000000,0,1,0x,,441000,21000,11059522,0x,,0.29883224,received,0xcd0a0175ce2267e37b7c622417b4b621571aa77d
629,4916015,1516074330,0xb33b989d589be9abd4ef2961388fc76353e9af7dc99e56396e38e09581ce29ce,314,0xb43680cd232086b4b097ec7f7123a0f41509458f80a35b2a93c739cdcc89731e,48,0xcd0a0175ce2267e37b7c622417b4b621571aa77d,0xabbb6bebfa05aa13e908eaa492bd7a8343760477,298127249000000000,40000,21000000000,0,1,0x0f2c9329000000000000000000000000167a9333bf582556f35bd4d16a7e80e191aa6476000000000000000000000000571b7b69829ce2568b9bc3d32eaf7405dab76b21,,4273441,33571,11059388,0x0f2c9329,"split(address targetFork, address targetNoFork)",0.298127249,sent,0xcd0a0175ce2267e37b7c622417b4b621571aa77d
630,4924934,1516213276,0x957c61a0920bbdbc9c04313a6236db096dc78b3bba2f2b299bbfc8bfb55b7f51,802521,0x1953a4bfc7eccd9b9dfb4a51aabfb8762e03e3efba566ec8e03e6b9b2e234adb,1,0xb2930b35844a230f00e51431acae96fe543a0347,0xcd0a0175ce2267e37b7c622417b4b621571aa77d,311210760000000000,100000,100000000000,0,1,0x,,42000,21000,11050469,0x,,0.31121076,received,0xcd0a0175ce2267e37b7c622417b4b621571aa77d
631,4925092,1516215661,0x73f8ad7cd00b917f3c491561540058554bb02d4b866b660d51c3262701077e92,315,0xcea2801da2f00ed296dd9cd7a8206b29ad3a571e3da813c5fc853aaa49645231,108,0xcd0a0175ce2267e37b7c622417b4b621571aa77d,0xabbb6bebfa05aa13e908eaa492bd7a8343760477,310505769000000000,40000,21000000000,0,1,0x0f2c9329000000000000000000000000167a9333bf582556f35bd4d16a7e80e191aa6476000000000000000000000000571b7b69829ce2568b9bc3d32eaf7405dab76b21,,3995187,33571,11050311,0x0f2c9329,"split(address targetFork, address targetNoFork)",0.310505769,sent,0xcd0a0175ce2267e37b7c622417b4b621571aa77d
632,4933055,1516339201,0x048282d4fc8a0d6db1af6b404cf6b5815224b528e6857a7b84299d03a71febbd,806853,0xda5bc38cbcf8011a140aa3e48589197bd7d7e90216dd1a5d51070c86d19f13e4,65,0xb2930b35844a230f00e51431acae96fe543a0347,0xcd0a0175ce2267e37b7c622417b4b621571aa77d,321985500000000000,100000,100000000000,0,1,0x,,1424573,21000,11042348,0x,,0.3219855,received,0xcd0a0175ce2267e37b7c622417b4b621571aa77d
633,4933186,1516341358,0xefeddc538223541a4de028e32a87470253629519258afd49c7d1fac2388a9d71,316,0xf88cfe47c70c12edf33cc3c94ffb1d91b1e6766e7401c73124a2f98a418ad49d,132,0xcd0a0175ce2267e37b7c622417b4b621571aa77d,0xabbb6bebfa05aa13e908eaa492bd7a8343760477,321280509000000000,40000,21000000000,0,1,0x0f2c9329000000000000000000000000167a9333bf582556f35bd4d16a7e80e191aa6476000000000000000000000000571b7b69829ce2568b9bc3d32eaf7405dab76b21,,4695876,33571,11042217,0x0f2c9329,"split(address targetFork, address targetNoFork)",0.321280509,sent,0xcd0a0175ce2267e37b7c622417b4b621571aa77d
634,4941574,1516466403,0x17ec8abb240391b7a8cfd970450788b09c4f67c1fef9466d0f438848ff26458c,811503,0x291acdb922a11c19e030afaf60c6c6b83c00beed1d0a05bfb3523bc248a45eec,201,0xb2930b35844a230f00e51431acae96fe543a0347,0xcd0a0175ce2267e37b7c622417b4b621571aa77d,343121280000000000,100000,100000000000,0,1,0x,,5446480,21000,11033829,0x,,0.34312128,received,0xcd0a0175ce2267e37b7c622417b4b621571aa77d
635,4941722,1516468255,0xb7f1129d9aa0dd4431e76fa20ff3052b5857d662a25e3cfc3a0c854502853aed,317,0x03b0da0efad786eda516786068707e7d6a434aa0beaf35463d6d148076081477,33,0xcd0a0175ce2267e37b7c622417b4b621571aa77d,0xabbb6bebfa05aa13e908eaa492bd7a8343760477,342416289000000000,40000,21000000000,0,1,0x0f2c9329000000000000000000000000167a9333bf582556f35bd4d16a7e80e191aa6476000000000000000000000000571b7b69829ce2568b9bc3d32eaf7405dab76b21,,2572606,33571,11033681,0x0f2c9329,"split(address targetFork, address targetNoFork)",0.342416289,sent,0xcd0a0175ce2267e37b7c622417b4b621571aa77d
636,4951388,1516611700,0x68f85f04dcc0b5e750c00cba0691d6fb23c09aa564c60ec01d63a35c191c317a,816633,0x105ee759054243b009567a3d0bd26b50fe808bc1e244041c6f58712abf57947c,132,0xb2930b35844a230f00e51431acae96fe543a0347,0xcd0a0175ce2267e37b7c622417b4b621571aa77d,298575580000000000,100000,80000000000,0,1,0x,,3304005,21000,11024015,0x,,0.29857558,received,0xcd0a0175ce2267e37b7c622417b4b621571aa77d
637,4951511,1516613519,0x64c9d7eb08af9be4bf98e42157b2effb7db4055b7102e8927e331e74ebf4306a,318,0x5edce077f0ebd24bda67aa39da24ec4aa85f2fcab788859f1e1eb3d575692a5b,54,0xcd0a0175ce2267e37b7c622417b4b621571aa77d,0xabbb6bebfa05aa13e908eaa492bd7a8343760477,297870589000000000,40000,21000000000,0,1,0x0f2c9329000000000000000000000000167a9333bf582556f35bd4d16a7e80e191aa6476000000000000000000000000571b7b69829ce2568b9bc3d32eaf7405dab76b21,,2355649,33571,11023892,0x0f2c9329,"split(address targetFork, address targetNoFork)",0.297870589,sent,0xcd0a0175ce2267e37b7c622417b4b621571aa77d
638,4961247,1516756113,0x5c46d7cd701411a729720acf2c07b189b2ffd98e4ea20ef6714b69c1d8c69df9,821619,0xa311179488203da8167b571712722292cc1d23716748bf9985583d86aa497923,244,0xb2930b35844a230f00e51431acae96fe543a0347,0xcd0a0175ce2267e37b7c622417b4b621571aa77d,325643600000000000,100000,60000000000,0,1,0x,,7218030,21000,11014156,0x,,0.3256436,received,0xcd0a0175ce2267e37b7c622417b4b621571aa77d
639,4961371,1516757880,0xb5b85be1e102c7c40eab4bde42026c3d862f0964088fee9ea582fca63cf164cb,319,0xd92bf9ccff18ec27ff621218151fa66043ca6a329060c8d4b3ec206908d0d4d0,209,0xcd0a0175ce2267e37b7c622417b4b621571aa77d,0xabbb6bebfa05aa13e908eaa492bd7a8343760477,324938609000000000,40000,21000000000,0,1,0x0f2c9329000000000000000000000000167a9333bf582556f35bd4d16a7e80e191aa6476000000000000000000000000571b7b69829ce2568b9bc3d32eaf7405dab76b21,,5555541,33571,11014032,0x0f2c9329,"split(address targetFork, address targetNoFork)",0.324938609,sent,0xcd0a0175ce2267e37b7c622417b4b621571aa77d
640,4970529,1516891442,0xd2416a5e1828bde4fea07a6b2e1d1becdf8f9aa96dc1fbe11c4030aaafbe9202,826775,0xc87679a0d14dfe82df7794b8f8b9169a157cf06d8ebd02284efab69b1862a715,102,0xb2930b35844a230f00e51431acae96fe543a0347,0xcd0a0175ce2267e37b7c622417b4b621571aa77d,328067940000000000,100000,60000000000,0,1,0x,,3756805,21000,11004874,0x,,0.32806794,received,0xcd0a0175ce2267e37b7c622417b4b621571aa77d
641,4970655,1516893173,0xb15486f84f2f236d287b5ac06860b26a7f366763024df6d317d302c3cde654c8,320,0x28af7577bacfd6a2db0b8b96c99fd3ce285b29eeeead9012d8f6d652fe7bd391,102,0xcd0a0175ce2267e37b7c622417b4b621571aa77d,0xabbb6bebfa05aa13e908eaa492bd7a8343760477,327362949000000000,40000,21000000000,0,1,0x0f2c9329000000000000000000000000167a9333bf582556f35bd4d16a7e80e191aa6476000000000000000000000000571b7b69829ce2568b9bc3d32eaf7405dab76b21,,3979701,33571,11004748,0x0f2c9329,"split(address targetFork, address targetNoFork)",0.327362949,sent,0xcd0a0175ce2267e37b7c622417b4b621571aa77d
642,4982122,1517059866,0x03e9cad05a2d9df522e3ddbf2e27cdd82a5284830bd60c72d81aaa433db96f2b,832577,0x0eab5f03980e1d8bb14af6a14f2863fae6883f92a1f9ea317241d3a69059ddfe,40,0xb2930b35844a230f00e51431acae96fe543a0347,0xcd0a0175ce2267e37b7c622417b4b621571aa77d,313053230000000000,100000,40000000000,0,1,0x,,1250977,21000,10993281,0x,,0.31305323,received,0xcd0a0175ce2267e37b7c622417b4b621571aa77d
643,4982353,1517063472,0x547cd049fad6b2f2779b877f343e06edeae8d243719c063717e04135a145ed17,321,0x1a25c47d582cadcea37c8547227e53c59da4bc5eebbe6801449643b41a2e80a9,28,0xcd0a0175ce2267e37b7c622417b4b621571aa77d,0xabbb6bebfa05aa13e908eaa492bd7a8343760477,312348239000000000,40000,21000000000,0,1,0x0f2c9329000000000000000000000000167a9333bf582556f35bd4d16a7e80e191aa6476000000000000000000000000571b7b69829ce2568b9bc3d32eaf7405dab76b21,,1791197,33571,10993050,0x0f2c9329,"split(address targetFork, address targetNoFork)",0.312348239,sent,0xcd0a0175ce2267e37b7c622417b4b621571aa77d
644,4991945,1517200969,0xeb830667d98265148b8435b7841f7d8871c0112b509b46c3769e045569d6539b,838312,0x32ba146588648531f2e738704c0f8b01cac6cf9bbe5057d7065d1d6e305be5eb,65,0xb2930b35844a230f00e51431acae96fe543a0347,0xcd0a0175ce2267e37b7c622417b4b621571aa77d,307259430000000000,100000,40000000000,0,1,0x,,2055714,21000,10983458,0x,,0.30725943,received,0xcd0a0175ce2267e37b7c622417b4b621571aa77d
645,4992071,1517202832,0xe3f720d2b3f3184323f8a16804fe21988a025a23d96056e78322204b8d574ed9,322,0x0d395c3f40cd8f6d8f987a820d117fae920566b6d3e862dba2a98b7cfb171ba3,33,0xcd0a0175ce2267e37b7c622417b4b621571aa77d,0xabbb6bebfa05aa13e908eaa492bd7a8343760477,306554439000000000,40000,21000000000,0,1,0x0f2c9329000000000000000000000000167a9333bf582556f35bd4d16a7e80e191aa6476000000000000000000000000571b7b69829ce2568b9bc3d32eaf7405dab76b21,,1354005,33571,10983332,0x0f2c9329,"split(address targetFork, address targetNoFork)",0.306554439,sent,0xcd0a0175ce2267e37b7c622417b4b621571aa77d
646,5004536,1517385511,0x7bf0bb853a0e323f9cd92cd0049c1cd971d035b2e09bb3c5632b635346ec6bc9,845540,0x9de888996e9cff75f90d763e7ea98cc55b7f9df75ef9ba7c68458f48c49bcf15,25,0xb2930b35844a230f00e51431acae96fe543a0347,0xcd0a0175ce2267e37b7c622417b4b621571aa77d,304228830000000000,100000,40000000000,0,1,0x,,7440314,21000,10970867,0x,,0.30422883,received,0xcd0a0175ce2267e37b7c622417b4b621571aa77d
647,5004686,1517388115,0xe60053ecb31787508994712d043307fb4e004f24f0b046304e8c2fdde990de08,323,0xe073e355ce1779dfaf393bcfa6bacbc942215453467e3697dae4086b45a6c30d,155,0xcd0a0175ce2267e37b7c622417b4b621571aa77d,0xabbb6bebfa05aa13e908eaa492bd7a8343760477,303523839000000000,40000,21000000000,0,1,0x0f2c9329000000000000000000000000167a9333bf582556f35bd4d16a7e80e191aa6476000000000000000000000000571b7b69829ce2568b9bc3d32eaf7405dab76b21,,4861904,33571,10970717,0x0f2c9329,"split(address targetFork, address targetNoFork)",0.303523839,sent,0xcd0a0175ce2267e37b7c622417b4b621571aa77d
648,5013946,1517526038,0xd0ac6ed6233cbace4bccf4c0aea07e996bb84e85dd5610103dfaef7937121cc4,851239,0x0d34a47713647e97389733a7497d02a052499936cbcda27c9d478464050139dc,53,0xb2930b35844a230f00e51431acae96fe543a0347,0xcd0a0175ce2267e37b7c622417b4b621571aa77d,299132030000000000,100000,40000000000,0,1,0x,,1261826,21000,10961457,0x,,0.29913203,received,0xcd0a0175ce2267e37b7c622417b4b621571aa77d
649,5014004,1517526849,0x91f4c503f44e9c4a3c4c9b317b1fd0b45e46d0a9c041711a31251061b835c369,324,0xf43e549dc798f61b43710bec0a0718ee71be57c73290f2e1d793ab2739781ee8,72,0xcd0a0175ce2267e37b7c622417b4b621571aa77d,0xabbb6bebfa05aa13e908eaa492bd7a8343760477,298427039000000000,40000,21000000000,0,1,0x0f2c9329000000000000000000000000167a9333bf582556f35bd4d16a7e80e191aa6476000000000000000000000000571b7b69829ce2568b9bc3d32eaf7405dab76b21,,2798369,33571,10961399,0x0f2c9329,"split(address targetFork, address targetNoFork)",0.298427039,sent,0xcd0a0175ce2267e37b7c622417b4b621571aa77d
650,5024695,1517682709,0x5cec3cec784989c3762f6c969d24a08259ef044c02742f71d420b1d712f331c6,857288,0xc5ecd8087274dbf0be1ccd8b1921ef7ab28ebae3e93137b7c4f969a7334f45ba,8,0xb2930b35844a230f00e51431acae96fe543a0347,0xcd0a0175ce2267e37b7c622417b4b621571aa77d,299223230000000000,100000,40000000000,0,1,0x,,742671,21000,10950708,0x,,0.29922323,received,0xcd0a0175ce2267e37b7c622417b4b621571aa77d
651,5024749,1517683620,0x02011b33470505ac911b391d8d4a5ef0e15055c849030982404d70db491fb6ac,325,0x27f678ccad9fb5651da94affcd7fed055b10fda142d406cbf68f0f0110718681,108,0xcd0a0175ce2267e37b7c622417b4b621571aa77d,0xabbb6bebfa05aa13e908eaa492bd7a8343760477,298518239000000000,40000,21000000000,0,1,0x0f2c9329000000000000000000000000167a9333bf582556f35bd4d16a7e80e191aa6476000000000000000000000000571b7b69829ce2568b9bc3d32eaf7405dab76b21,,3995433,33571,10950654,0x0f2c9329,"split(address targetFork, address targetNoFork)",0.298518239,sent,0xcd0a0175ce2267e37b7c622417b4b621571aa77d
652,5035468,1517838008,0xd948ab1a7a7b14ab0ee203702518a6b0730be59c83de341012ddc05ae09f46d0,863078,0xb983bd1490968d4477d05b533dddeffacf0b7b85e509a9ba39895980f0b41e8b,47,0xb2930b35844a230f00e51431acae96fe543a0347,0xcd0a0175ce2267e37b7c622417b4b621571aa77d,299778150000000000,100000,40000000000,0,1,0x,,1245070,21000,10939935,0x,,0.29977815,received,0xcd0a0175ce2267e37b7c622417b4b621571aa77d
653,5035519,1517838837,0xcca9eea7bc53e619d4d208ec9572e549d31df718fa4afe5cae4365a90bd8dda8,326,0xb166c45d588e48cad60563782dab0fef790e415dbaf77da170350c11f06600a5,94,0xcd0a0175ce2267e37b7c622417b4b621571aa77d,0xabbb6bebfa05aa13e908eaa492bd7a8343760477,299073159000000000,40000,21000000000,0,1,0x0f2c9329000000000000000000000000167a9333bf582556f35bd4d16a7e80e191aa6476000000000000000000000000571b7b69829ce2568b9bc3d32eaf7405dab76b21,,3264682,33571,10939884,0x0f2c9329,"split(address targetFork, address targetNoFork)",0.299073159,sent,0xcd0a0175ce2267e37b7c622417b4b621571aa77d
654,5048132,1518022556,0x7b7aec03ed03e05b4e45b4602cf116bd9fecca03f784666f7fb91fe2a6312511,870046,0x0df6848b0dca8a9f002298a98d9547ae5e200c2cd2a951ad5cd8b0091e3b5618,80,0xb2930b35844a230f00e51431acae96fe543a0347,0xcd0a0175ce2267e37b7c622417b4b621571aa77d,299153280000000000,100000,40000000000,0,1,0x,,3639999,21000,10927271,0x,,0.29915328,received,0xcd0a0175ce2267e37b7c622417b4b621571aa77d
655,5048204,1518023527,0x30b8377b394ebe4e2072bb63623bee1598bc24e66c463ef94808338337bff26d,327,0xce95b2d9e67833a6bef9a1863aa24155f2003589634151147c58702f8f9689cd,32,0xcd0a0175ce2267e37b7c622417b4b621571aa77d,0xabbb6bebfa05aa13e908eaa492bd7a8343760477,298448289000000000,40000,21000000000,0,1,0x0f2c9329000000000000000000000000167a9333bf582556f35bd4d16a7e80e191aa6476000000000000000000000000571b7b69829ce2568b9bc3d32eaf7405dab76b21,,1489005,33571,10927199,0x0f2c9329,"split(address targetFork, address targetNoFork)",0.298448289,sent,0xcd0a0175ce2267e37b7c622417b4b621571aa77d
656,5059105,1518180910,0x000ef4d7f85d7e2f5a95369d3077654a8dbaad31211fde54529ad2a5eb090117,876056,0xbd040ef52068caed5a5912e90774f796aa24ebfa3624869530e146a7587df5f9,27,0xb2930b35844a230f00e51431acae96fe543a0347,0xcd0a0175ce2267e37b7c622417b4b621571aa77d,299134100000000000,100000,40000000000,0,1,0x,,1163495,21000,10916298,0x,,0.2991341,received,0xcd0a0175ce2267e37b7c622417b4b621571aa77d
657,5059157,1518181657,0xc099fd4f2f907fac5beee85e673e8d0f775079f5b4691853fc1be4695f4be3ed,328,0x3ba4c9ebb90e4447d8220f1dace31407f1d7a87f8ce49abbf6596c7873240992,37,0xcd0a0175ce2267e37b7c622417b4b621571aa77d,0xabbb6bebfa05aa13e908eaa492bd7a8343760477,298429109000000000,40000,21000000000,0,1,0x0f2c9329000000000000000000000000167a9333bf582556f35bd4d16a7e80e191aa6476000000000000000000000000571b7b69829ce2568b9bc3d32eaf7405dab76b21,,1404720,33571,10916246,0x0f2c9329,"split(address targetFork, address targetNoFork)",0.298429109,sent,0xcd0a0175ce2267e37b7c622417b4b621571aa77d
658,5069811,1518335469,0x73eb623ac37ab9a0c910b632601de045864ea345265516b767f82f6ca404d294,881828,0x2f58164b7f4ea9a54a18954cbbeb5d68e0d2a842e698bb3f364e2c63751617ea,80,0xb2930b35844a230f00e51431acae96fe543a0347,0xcd0a0175ce2267e37b7c622417b4b621571aa77d,299556440000000000,100000,40000000000,0,1,0x,,2497323,21000,10905592,0x,,0.29955644,received,0xcd0a0175ce2267e37b7c622417b4b621571aa77d
659,5069861,1518336090,0x8344eba958f007f24d9f0a7c788295b2be32ab6fa4076c6cc4baef59fa633270,329,0x9967f9e846ca51602cf3bc1eb14d6fc857ddf8fe0594590e399cd713729d3bfa,183,0xcd0a0175ce2267e37b7c622417b4b621571aa77d,0xabbb6bebfa05aa13e908eaa492bd7a8343760477,298851449000000000,40000,21000000000,0,1,0x0f2c9329000000000000000000000000167a9333bf582556f35bd4d16a7e80e191aa6476000000000000000000000000571b7b69829ce2568b9bc3d32eaf7405dab76b21,,4531434,33571,10905542,0x0f2c9329,"split(address targetFork, address targetNoFork)",0.298851449,sent,0xcd0a0175ce2267e37b7c622417b4b621571aa77d
660,5080863,1518496127,0xcaa8cc8be1f74cb744359e04adad1700cda2b6b87c4235900474260af3ea14cd,887713,0x42bb511c31c4594d1974087384d68ae3e2493769c75e3533f7adc33fad22c19f,106,0xb2930b35844a230f00e51431acae96fe543a0347,0xcd0a0175ce2267e37b7c622417b4b621571aa77d,299183980000000000,100000,40000000000,0,1,0x,,3220473,21000,10894540,0x,,0.29918398,received,0xcd0a0175ce2267e37b7c622417b4b621571aa77d
661,5080930,1518497163,0x78a1867f8d2b81b69ba1d6d9e0f4c32914df047b75bfb63d999c22739cc823ce,330,0xcbea7940916fd012a37d40ee38783458bb7b505830ef2514896bed79ea921c5b,58,0xcd0a0175ce2267e37b7c622417b4b621571aa77d,0xabbb6bebfa05aa13e908eaa492bd7a8343760477,298478989000000000,40000,21000000000,0,1,0x0f2c9329000000000000000000000000167a9333bf582556f35bd4d16a7e80e191aa6476000000000000000000000000571b7b69829ce2568b9bc3d32eaf7405dab76b21,,2112884,33571,10894473,0x0f2c9329,"split(address targetFork, address targetNoFork)",0.298478989,sent,0xcd0a0175ce2267e37b7c622417b4b621571aa77d
662,5091609,1518653697,0x9b21398161243b37145b002723f0206104ccafecf28bb9beaa59bb169442748c,893736,0x5b5cf0133a141610719a18fd3ccf5bc8554daf40a94d3d1364cb5a7f33ced23a,38,0xb2930b35844a230f00e51431acae96fe543a0347,0xcd0a0175ce2267e37b7c622417b4b621571aa77d,299660850000000000,100000,40000000000,0,1,0x,,2329426,21000,10883794,0x,,0.29966085,received,0xcd0a0175ce2267e37b7c622417b4b621571aa77d
663,5091664,1518654656,0xc7089e4bcde15b26bc59dee8d53f111595f4a95dc2df8efd9607c7dbbc6b5626,331,0xf9da71468363272f3800511fa8922f9713c40afb3c46314f9909892ff77c99d1,134,0xcd0a0175ce2267e37b7c622417b4b621571aa77d,0xabbb6bebfa05aa13e908eaa492bd7a8343760477,298955859000000000,40000,21000000000,0,1,0x0f2c9329000000000000000000000000167a9333bf582556f35bd4d16a7e80e191aa6476000000000000000000000000571b7b69829ce2568b9bc3d32eaf7405dab76b21,,4400924,33571,10883739,0x0f2c9329,"split(address targetFork, address targetNoFork)",0.298955859,sent,0xcd0a0175ce2267e37b7c622417b4b621571aa77d
664,5102657,1518813380,0x3fd2476232cb8949ad56c2ec1b9b346e4255f9275093264719a108d4ccf98cfe,899462,0x868db08bf321f3c13533c32908cc680907a8cc254967a94d92eae051034c03dd,182,0xb2930b35844a230f00e51431acae96fe543a0347,0xcd0a0175ce2267e37b7c622417b4b621571aa77d,299287710000000000,100000,40000000000,0,1,0x,,7327709,21000,10872746,0x,,0.29928771,received,0xcd0a0175ce2267e37b7c622417b4b621571aa77d
665,5102709,1518814130,0x17ddf96d316d8a84e7b1e8451f45869fd4a42d0c0ea7d07d522621168391dd49,332,0xf11f7cc3018f2cc92c0ce2eb882c4434926760b723ae6011d6470441835aa8d4,132,0xcd0a0175ce2267e37b7c622417b4b621571aa77d,0xabbb6bebfa05aa13e908eaa492bd7a8343760477,298582719000000000,40000,21000000000,0,1,0x0f2c9329000000000000000000000000167a9333bf582556f35bd4d16a7e80e191aa6476000000000000000000000000571b7b69829ce2568b9bc3d32eaf7405dab76b21,,4126034,33571,10872694,0x0f2c9329,"split(address targetFork, address targetNoFork)",0.298582719,sent,0xcd0a0175ce2267e37b7c622417b4b621571aa77d
666,5114186,1518979592,0x81a32ffd16b9311f0ac4db57414774e34c45b40b02a1a9dfe5204d152ac98385,905376,0x663751b1fff41aac5edc777e6a3c6432e19679ae77a82f94662d6cdf441e50ec,112,0xb2930b35844a230f00e51431acae96fe543a0347,0xcd0a0175ce2267e37b7c622417b4b621571aa77d,299265430000000000,100000,40000000000,0,1,0x,,4219541,21000,10861217,0x,,0.29926543,received,0xcd0a0175ce2267e37b7c622417b4b621571aa77d
667,5114242,1518980416,0x1ee05ba224ab76336133546001837e488266b988439cd693ac2ba26b53a97021,333,0x1e178a284c08f5984531d3e396a6ed83962284cda28f75b0fb1866e20e28faef,43,0xcd0a0175ce2267e37b7c622417b4b621571aa77d,0xabbb6bebfa05aa13e908eaa492bd7a8343760477,298560439000000000,40000,21000000000,0,1,0x0f2c9329000000000000000000000000167a9333bf582556f35bd4d16a7e80e191aa6476000000000000000000000000571b7b69829ce2568b9bc3d32eaf7405dab76b21,,1382915,33571,10861161,0x0f2c9329,"split(address targetFork, address targetNoFork)",0.298560439,sent,0xcd0a0175ce2267e37b7c622417b4b621571aa77d
668,5125142,1519140319,0x5809477d388813c58425f8bc92fef9039810e1446bb54145a208852ab25cc97b,911798,0x1d962202faae62ccd0f22f0ba7b590e89db9eb2a17dfef0fbe6aa4ea511fb242,27,0xb2930b35844a230f00e51431acae96fe543a0347,0xcd0a0175ce2267e37b7c622417b4b621571aa77d,300364680000000000,100000,40000000000,0,1,0x,,854616,21000,10850261,0x,,0.30036468,received,0xcd0a0175ce2267e37b7c622417b4b621571aa77d
669,5125347,1519143533,0xf352601ee5610dff754c9e772501fe1b86892924020066d36e1eed5951047fb4,334,0xd0d2c90a1205da5be642dd54d0aeaf4c6af6c6d997de03262a6685065c2972a3,148,0xcd0a0175ce2267e37b7c622417b4b621571aa77d,0xabbb6bebfa05aa13e908eaa492bd7a8343760477,299659689000000000,40000,21000000000,0,1,0x0f2c9329000000000000000000000000167a9333bf582556f35bd4d16a7e80e191aa6476000000000000000000000000571b7b69829ce2568b9bc3d32eaf7405dab76b21,,3996949,33571,10850056,0x0f2c9329,"split(address targetFork, address targetNoFork)",0.299659689,sent,0xcd0a0175ce2267e37b7c622417b4b621571aa77d
670,5136327,1519305667,0xa2ab58494c2b53a2996df548f8a7c4cbdfc02fd225d08989dbbe693f879f38f5,918200,0xd738c95afd0583a9aa35ac9cc4c689bb7341cd6ff09dedcb2ef051f837c3c8ec,9,0xb2930b35844a230f00e51431acae96fe543a0347,0xcd0a0175ce2267e37b7c622417b4b621571aa77d,299389540000000000,100000,40000000000,0,1,0x,,242731,21000,10839076,0x,,0.29938954,received,0xcd0a0175ce2267e37b7c622417b4b621571aa77d
671,5136378,1519306663,0x451eaa293984a13932d1d749e95d72788ae990c58d25113a4fcebd64da5e84c2,335,0xa9ea6949a2ac7aad2c71d12d7e4ebf63ccc90b60909fd7528a0c1148fa9b2b56,42,0xcd0a0175ce2267e37b7c622417b4b621571aa77d,0xabbb6bebfa05aa13e908eaa492bd7a8343760477,298684549000000000,40000,21000000000,0,1,0x0f2c9329000000000000000000000000167a9333bf582556f35bd4d16a7e80e191aa6476000000000000000000000000571b7b69829ce2568b9bc3d32eaf7405dab76b21,,1548811,33571,10839025,0x0f2c9329,"split(address targetFork, address targetNoFork)",0.298684549,sent,0xcd0a0175ce2267e37b7c622417b4b621571aa77d
672,5147855,1519475170,0x7ce78a18bf8360be61a0a1449ac88940dda16a14eff6c960540f5657be42703f,924242,0x09f7fd487638a84f72fac6dc6f1e41d6e14f6afab2c7d9d5dba08f2644182a15,155,0xb2930b35844a230f00e51431acae96fe543a0347,0xcd0a0175ce2267e37b7c622417b4b621571aa77d,299333400000000000,100000,40000000000,0,1,0x,,5990463,21000,10827548,0x,,0.2993334,received,0xcd0a0175ce2267e37b7c622417b4b621571aa77d
673,5147909,1519475888,0x9b77fa402289b46a6a4a8a993950915b3e3935d63656d3a0846af5a0699b12ec,336,0x07e16970c86905f43c59fd653b90884a0cf7056139d15d33ae9855e483168a3b,23,0xcd0a0175ce2267e37b7c622417b4b621571aa77d,0xabbb6bebfa05aa13e908eaa492bd7a8343760477,298628409000000000,40000,21000000000,0,1,0x0f2c9329000000000000000000000000167a9333bf582556f35bd4d16a7e80e191aa6476000000000000000000000000571b7b69829ce2568b9bc3d32eaf7405dab76b21,,1212434,33571,10827494,0x0f2c9329,"split(address targetFork, address targetNoFork)",0.298628409,sent,0xcd0a0175ce2267e37b7c622417b4b621571aa77d
674,5161846,1519682093,0x1cf95134ae2348122bf48eab070b5ec568e70152e04cd5885d2fef3cabca51ce,931782,0x03e6828ed31a50bea569ef160540fbc1b9ff5c64e8088627e13453d47061d1e4,16,0xb2930b35844a230f00e51431acae96fe543a0347,0xcd0a0175ce2267e37b7c622417b4b621571aa77d,299031640000000000,100000,40000000000,0,1,0x,,357000,21000,10813557,0x,,0.29903164,received,0xcd0a0175ce2267e37b7c622417b4b621571aa77d
675,5161897,1519682894,0xad3c34aaca1f7878a60c44bda49fd3e8ef6503e284016f6c2243d0e0c6ed701e,337,0x9d19fbffef74df0afcb85d37119c01acd14ad9fbee3a45937100613106b05c9b,100,0xcd0a0175ce2267e37b7c622417b4b621571aa77d,0xabbb6bebfa05aa13e908eaa492bd7a8343760477,298326649000000000,40000,21000000000,0,1,0x0f2c9329000000000000000000000000167a9333bf582556f35bd4d16a7e80e191aa6476000000000000000000000000571b7b69829ce2568b9bc3d32eaf7405dab76b21,,3250293,33571,10813506,0x0f2c9329,"split(address targetFork, address targetNoFork)",0.298326649,sent,0xcd0a0175ce2267e37b7c622417b4b621571aa77d
676,5173550,1519853839,0x88ec1c6f3abae134bedd6e804ae183acbcf65cb397497d9f7228a70de46bbe12,938518,0x2dc60e6c738872aee66450b09965cb2ceaa249993c700e570c5ee819a70021c7,8,0xb2930b35844a230f00e51431acae96fe543a0347,0xcd0a0175ce2267e37b7c622417b4b621571aa77d,299213620000000000,100000,40000000000,0,1,0x,,207421,21000,10801853,0x,,0.29921362,received,0xcd0a0175ce2267e37b7c622417b4b621571aa77d
677,5173602,1519854704,0xef2bf5e9e2b4c690533065424045b95312e7e638f31f77a586317bd4daa86d0e,338,0x76b80ea4d061333014b908efd9eb19b143ecb87ebcd8491e49ede4d0af6ab17a,20,0xcd0a0175ce2267e37b7c622417b4b621571aa77d,0xabbb6bebfa05aa13e908eaa492bd7a8343760477,298508629000000000,40000,21000000000,0,1,0x0f2c9329000000000000000000000000167a9333bf582556f35bd4d16a7e80e191aa6476000000000000000000000000571b7b69829ce2568b9bc3d32eaf7405dab76b21,,872039,33571,10801801,0x0f2c9329,"split(address targetFork, address targetNoFork)",0.298508629,sent,0xcd0a0175ce2267e37b7c622417b4b621571aa77d
678,5186053,1520037344,0x5f8dd7ec6e98728a61e8bb5044bf2b3b2643ead56e224735b458309ba83bffad,945771,0xeecd2059d0a8e409785461fb1fc9f54742ba0e13da1bb506b95000a7a6c5f49d,29,0xb2930b35844a230f00e51431acae96fe543a0347,0xcd0a0175ce2267e37b7c622417b4b621571aa77d,299492270000000000,100000,40000000000,0,1,0x,,1701580,21000,10789350,0x,,0.29949227,received,0xcd0a0175ce2267e37b7c622417b4b621571aa77d
679,5186103,1520038158,0xf8bbae22804cf06bdf452f07ffed2886a188b1c94b6c762532115943248040cf,339,0x92bcbcdbf27c910a6bf6fa1fb5674240d57d0331107f6d5fed7c665e3d13fbc5,100,0xcd0a0175ce2267e37b7c622417b4b621571aa77d,0xabbb6bebfa05aa13e908eaa492bd7a8343760477,298787279000000000,40000,21000000000,0,1,0x0f2c9329000000000000000000000000167a9333bf582556f35bd4d16a7e80e191aa6476000000000000000000000000571b7b69829ce2568b9bc3d32eaf7405dab76b21,,4589699,33571,10789300,0x0f2c9329,"split(address targetFork, address targetNoFork)",0.298787279,sent,0xcd0a0175ce2267e37b7c622417b4b621571aa77d
680,5197484,1520204434,0x1320c852cc9fb9ecba382a4fe633416b1ed018649f62ce82a909394d404ec5a2,951634,0xcab120329d75d959e3c1f05f4260d473e153eb0222591e0f70c3282a5707775e,107,0xb2930b35844a230f00e51431acae96fe543a0347,0xcd0a0175ce2267e37b7c622417b4b621571aa77d,299082010000000000,100000,40000000000,0,1,0x,,5704429,21000,10777919,0x,,0.29908201,received,0xcd0a0175ce2267e37b7c622417b4b621571aa77d
681,5197544,1520205241,0x744eaf6d17302048b4da79810834f12bc6da47c57e271f380b3980e306656795,340,0x4533f1af6779b1c62ff5c7364b36147a80cef9a65db2e1a302363073b10f84cf,22,0xcd0a0175ce2267e37b7c622417b4b621571aa77d,0xabbb6bebfa05aa13e908eaa492bd7a8343760477,298377019000000000,40000,21000000000,0,1,0x0f2c9329000000000000000000000000167a9333bf582556f35bd4d16a7e80e191aa6476000000000000000000000000571b7b69829ce2568b9bc3d32eaf7405dab76b21,,1025869,33571,10777859,0x0f2c9329,"split(address targetFork, address targetNoFork)",0.298377019,sent,0xcd0a0175ce2267e37b7c622417b4b621571aa77d
682,5209296,1520377382,0x2ce23eb556c9f729e79b7d33643754a820fcc6e4cffc11f64a987715e063ba57,958537,0x6a6aab77432dd468e534f7ce3be14860afc0a2bb4769d78e7518db8a6e029254,17,0xb2930b35844a230f00e51431acae96fe543a0347,0xcd0a0175ce2267e37b7c622417b4b621571aa77d,299760990000000000,100000,40000000000,0,1,0x,,407879,21000,10766107,0x,,0.29976099,received,0xcd0a0175ce2267e37b7c622417b4b621571aa77d
683,5209349,1520378192,0xba61c4643be3f8251435f65e49802aa75c2363f5ce5da5be23752930ad3f3cb3,341,0x05700d59be4885f1e4c7a16b3d154cd1c0399788a57a2461dafbba304e948cc7,37,0xcd0a0175ce2267e37b7c622417b4b621571aa77d,0xabbb6bebfa05aa13e908eaa492bd7a8343760477,299055999000000000,40000,21000000000,0,1,0x0f2c9329000000000000000000000000167a9333bf582556f35bd4d16a7e80e191aa6476000000000000000000000000571b7b69829ce2568b9bc3d32eaf7405dab76b21,,1816838,33571,10766054,0x0f2c9329,"split(address targetFork, address targetNoFork)",0.299055999,sent,0xcd0a0175ce2267e37b7c622417b4b621571aa77d
684,5221630,1520558627,0xfef544bfa945cae5b6a996645de2d1e7912a09ab8bcbe29e90d2ecfaeb63976e,965476,0x28ca3be2433139c3aaad3efa8049932388857de1bb841eea7cd5efbdd3604ad3,65,0xb2930b35844a230f00e51431acae96fe543a0347,0xcd0a0175ce2267e37b7c622417b4b621571aa77d,299195640000000000,100000,40000000000,0,1,0x,,2616146,21000,10753773,0x,,0.29919564,received,0xcd0a0175ce2267e37b7c622417b4b621571aa77d
685,5221685,1520559481,0x8c22626868386aecec00c0b71fb8a1a7eef72dd63635b6ad0396e2fb4e90b401,342,0x10a2ab3d8ca98800314f5a1e45a5cac72273bcf2dc9cdd9280be5bb39b8cbe29,23,0xcd0a0175ce2267e37b7c622417b4b621571aa77d,0xabbb6bebfa05aa13e908eaa492bd7a8343760477,298490649000000000,40000,21000000000,0,1,0x0f2c9329000000000000000000000000167a9333bf582556f35bd4d16a7e80e191aa6476000000000000000000000000571b7b69829ce2568b9bc3d32eaf7405dab76b21,,895122,33571,10753718,0x0f2c9329,"split(address targetFork, address targetNoFork)",0.298490649,sent,0xcd0a0175ce2267e37b7c622417b4b621571aa77d
686,5236152,1520771865,0x7e431e8c4c7266b7bfda6c273dc2b9be99eb804697e20b5bb08911f9fe252f3d,973511,0x96bfa9453f9a69414fc652347a50ad592b2f5a4dface84b33ca5a4351e608cb4,11,0xb2930b35844a230f00e51431acae96fe543a0347,0xcd0a0175ce2267e37b7c622417b4b621571aa77d,299136840000000000,100000,40000000000,0,1,0x,,547561,21000,10739251,0x,,0.29913684,received,0xcd0a0175ce2267e37b7c622417b4b621571aa77d
687,5236203,1520772621,0x02e77220e21b671f3178566f0b6fd8dd6f3aa1b647786db2cc3a89bd147f9ce4,343,0xe2d54f2f876374cb9a6e2575b35e29118667f0735bcc7e1bfa9afc1b5a17c34f,18,0xcd0a0175ce2267e37b7c622417b4b621571aa77d,0xabbb6bebfa05aa13e908eaa492bd7a8343760477,298431849000000000,40000,21000000000,0,1,0x0f2c9329000000000000000000000000167a9333bf582556f35bd4d16a7e80e191aa6476000000000000000000000000571b7b69829ce2568b9bc3d32eaf7405dab76b21,,633901,33571,10739200,0x0f2c9329,"split(address targetFork, address targetNoFork)",0.298431849,sent,0xcd0a0175ce2267e37b7c622417b4b621571aa77d
688,5249079,1520961267,0xbe882b9d142cd333ae5411c0759e1ed79b4dbd753f37f7c0d0f133205607882e,980939,0x335fcd54bbbbeb5765915da693bc69c1cd60d43d3d3c67feaa2ae2717ddae0d2,5,0xb2930b35844a230f00e51431acae96fe543a0347,0xcd0a0175ce2267e37b7c622417b4b621571aa77d,299377270000000000,100000,40000000000,0,1,0x,,238315,21000,10726324,0x,,0.29937727,received,0xcd0a0175ce2267e37b7c622417b4b621571aa77d
689,5249138,1520962202,0xe57588c8d566ec30d5a63e498dfded4ed1a90141b4c6c483e5958610352afff2,344,0x08811c04bf526855d33f88151d285f8104fc10a055891b3f4db3cf0fa94aec90,20,0xcd0a0175ce2267e37b7c622417b4b621571aa77d,0xabbb6bebfa05aa13e908eaa492bd7a8343760477,298672279000000000,40000,21000000000,0,1,0x0f2c9329000000000000000000000000167a9333bf582556f35bd4d16a7e80e191aa6476000000000000000000000000571b7b69829ce2568b9bc3d32eaf7405dab76b21,,1829112,33571,10726265,0x0f2c9329,"split(address targetFork, address targetNoFork)",0.298672279,sent,0xcd0a0175ce2267e37b7c622417b4b621571aa77d
690,5262466,1521158757,0x19c62c6c7f0a51919bdadd21eee66a036e549fa07215c0868a4324408e8b69ed,988364,0x385776d371ddfbcdb0b0c765605fec63aa104340add0f1db84371b3e6be20469,54,0xb2930b35844a230f00e51431acae96fe543a0347,0xcd0a0175ce2267e37b7c622417b4b621571aa77d,299085980000000000,100000,40000000000,0,1,0x,,1867002,21000,10712937,0x,,0.29908598,received,0xcd0a0175ce2267e37b7c622417b4b621571aa77d
691,5262517,1521159598,0xfef1c443fae9058844e11b0162a648ab3a2c6210615c5ac30e49a6f7f0d29f03,345,0x57e6b7b5b4b3c231c485be981525afcbb540a48190bdae625e7a85e8a7cb7ee3,18,0xcd0a0175ce2267e37b7c622417b4b621571aa77d,0xabbb6bebfa05aa13e908eaa492bd7a8343760477,298380989000000000,125000,10000000000,0,1,0x0f2c9329000000000000000000000000167a9333bf582556f35bd4d16a7e80e191aa6476000000000000000000000000571b7b69829ce2568b9bc3d32eaf7405dab76b21,,542487,33571,10712886,0x0f2c9329,"split(address targetFork, address targetNoFork)",0.298380989,sent,0xcd0a0175ce2267e37b7c622417b4b621571aa77d
692,5277225,1521375089,0x76f80faeface378cb34c3880043f406ae0214169eaf54b9f743b9fc11c2db275,996246,0x8904c7a654a7b03b87d486429f59c244338d7d1fd1466282bd15ec3e06026864,136,0xb2930b35844a230f00e51431acae96fe543a0347,0xcd0a0175ce2267e37b7c622417b4b621571aa77d,299068110000000000,100000,40000000000,0,1,0x,,6610899,21000,10698178,0x,,0.29906811,received,0xcd0a0175ce2267e37b7c622417b4b621571aa77d
693,5277306,1521376131,0x6ad20ccdfc1ee9d997039eaa8f34ec8842a7bbab50b936dbcc640057cce2117a,346,0xee3d877f0d855e5a21a3bf6e4552327fc63cb0e8e56f5501152f24dcc35527c4,64,0xcd0a0175ce2267e37b7c622417b4b621571aa77d,0xabbb6bebfa05aa13e908eaa492bd7a8343760477,298732400000000000,81000,2000000000,0,1,0x0f2c9329000000000000000000000000167a9333bf582556f35bd4d16a7e80e191aa6476000000000000000000000000571b7b69829ce2568b9bc3d32eaf7405dab76b21,,7509016,33571,10698097,0x0f2c9329,"split(address targetFork, address targetNoFork)",0.2987324,sent,0xcd0a0175ce2267e37b7c622417b4b621571aa77d
694,5292241,1521593033,0x7c27bf6e8935d3909793b602e72cc923015052d819947cdf2bb2765593de84b3,1004416,0x5c81b712bf0c84e46d3a8df68d784bf5085c58d2f692b0405d7e51aea62d6a35,29,0xb2930b35844a230f00e51431acae96fe543a0347,0xcd0a0175ce2267e37b7c622417b4b621571aa77d,299241260000000000,100000,40000000000,0,1,0x,,795137,21000,10683162,0x,,0.29924126,received,0xcd0a0175ce2267e37b7c622417b4b621571aa77d
695,5292336,1521594155,0xb0eb828e373187e3d2630adb9e17ca1d2bca20bcb41ec822439a35c3ddb3f668,347,0x3ea111e00819a52836e15bbd06e8bb56c2e445fa321eb0cb70d79bb1981536be,44,0xcd0a0175ce2267e37b7c622417b4b621571aa77d,0xabbb6bebfa05aa13e908eaa492bd7a8343760477,299174118000000000,81000,2000000000,0,1,0x0f2c9329000000000000000000000000167a9333bf582556f35bd4d16a7e80e191aa6476000000000000000000000000571b7b69829ce2568b9bc3d32eaf7405dab76b21,,2656580,33571,10683067,0x0f2c9329,"split(address targetFork, address targetNoFork)",0.299174118,sent,0xcd0a0175ce2267e37b7c622417b4b621571aa77d
696,5307215,1521808860,0x0e44674ea996fd23700f2dbc49ff3d5e9263fc3e115e5219c7b917d8f1e52d59,1012598,0x1c45cd6765debf368a7a213f9b0b93c05d980f84beda4a45b43765b80bedbed5,67,0xb2930b35844a230f00e51431acae96fe543a0347,0xcd0a0175ce2267e37b7c622417b4b621571aa77d,301375940000000000,100000,40000000000,0,1,0x,,2990312,21000,10668188,0x,,0.30137594,received,0xcd0a0175ce2267e37b7c622417b4b621571aa77d
697,5307268,1521809725,0x98fef20dc70ce38782b468ab0cb5ae8e7d9e849f34b3ab393fc03fd68d41d402,348,0xafb68c6b8150e82f3bf7fd52a352e0f361afe4e6d5f93537910dde1dfc13f881,47,0xcd0a0175ce2267e37b7c622417b4b621571aa77d,0xabbb6bebfa05aa13e908eaa492bd7a8343760477,301308798000000000,81000,5000000000,0,1,0x0f2c9329000000000000000000000000167a9333bf582556f35bd4d16a7e80e191aa6476000000000000000000000000571b7b69829ce2568b9bc3d32eaf7405dab76b21,,2779819,33571,10668135,0x0f2c9329,"split(address targetFork, address targetNoFork)",0.301308798,sent,0xcd0a0175ce2267e37b7c622417b4b621571aa77d
698,5321863,1522019721,0xf765765b12b40f7b6a6cfe692c640d5ea5569950c5b9e15fbbeb2c919480029e,1020266,0xf7f0d4e0397a97dfe34b9c6a58ef6127b1f7525763a71a0dbb8c0624d57bd922,30,0xb2930b35844a230f00e51431acae96fe543a0347,0xcd0a0175ce2267e37b7c622417b4b621571aa77d,299189920000000000,100000,40000000000,0,1,0x,,1461394,21000,10653540,0x,,0.29918992,received,0xcd0a0175ce2267e37b7c622417b4b621571aa77d
699,5321913,1522020331,0x7cba877221f984c6effb4d7594ba34ea9fd8b34a8ee8dcee88d4d11b1f88e39e,349,0x6da6b92a97cb1e123e0ee2d688a75900e9241fdf19d4c6709449896782ac2753,30,0xcd0a0175ce2267e37b7c622417b4b621571aa77d,0xabbb6bebfa05aa13e908eaa492bd7a8343760477,299022065000000000,81000,5000000000,0,1,0x0f2c9329000000000000000000000000167a9333bf582556f35bd4d16a7e80e191aa6476000000000000000000000000571b7b69829ce2568b9bc3d32eaf7405dab76b21,,1452882,33571,10653490,0x0f2c9329,"split(address targetFork, address targetNoFork)",0.299022065,sent,0xcd0a0175ce2267e37b7c622417b4b621571aa77d
700,5337173,1522242103,0xe5742e1fe868e47481c7a632f72fb680bf318b02f167663997e4639ccd98b0dc,1028331,0x2bb875e70c7daa7449639893d46a582732c31efc51b79f1ea247876f06a6eaa1,73,0xb2930b35844a230f00e51431acae96fe543a0347,0xcd0a0175ce2267e37b7c622417b4b621571aa77d,299093350000000000,100000,40000000000,0,1,0x,,2274600,21000,10638230,0x,,0.29909335,received,0xcd0a0175ce2267e37b7c622417b4b621571aa77d
701,5337321,1522244137,0xf86c8e8e60f00fd2e357db530ea296d8599debe4d2723d29f715ddae51aaedc2,350,0x1f596a4b87ee2f8c7ef5eb5cd57ee26da86a429a6357e6fa9bc00b8d864bd8f0,113,0xcd0a0175ce2267e37b7c622417b4b621571aa77d,0xabbb6bebfa05aa13e908eaa492bd7a8343760477,298925495000000000,81000,5000000000,0,1,0x0f2c9329000000000000000000000000167a9333bf582556f35bd4d16a7e80e191aa6476000000000000000000000000571b7b69829ce2568b9bc3d32eaf7405dab76b21,,4732047,33571,10638082,0x0f2c9329,"split(address targetFork, address targetNoFork)",0.298925495,sent,0xcd0a0175ce2267e37b7c622417b4b621571aa77d
702,5351928,1522457280,0xc9376b1a03b3e48be344d3e69eafc9bd974ea2142589cd10e1e03f6b1e134db3,1035988,0x80fbbd951b3bb78f653cc973df2446fabb7ef062151d3af19d7a2446ce6f8da9,96,0xb2930b35844a230f00e51431acae96fe543a0347,0xcd0a0175ce2267e37b7c622417b4b621571aa77d,301764450000000000,100000,40000000000,0,1,0x,,4410362,21000,10623475,0x,,0.30176445,received,0xcd0a0175ce2267e37b7c622417b4b621571aa77d
703,5352554,1522466974,0x2a082d98312e8004befee524b26f8af65f906ca07455738213b1a781d2f963f7,351,0x2ae7fb081bb2faaf2e2f70f6b0f7e17967bc1fe4176fa77a5317e52c6f96ff76,33,0xcd0a0175ce2267e37b7c622417b4b621571aa77d,0xabbb6bebfa05aa13e908eaa492bd7a8343760477,301596595000000000,81000,5000000000,0,1,0x0f2c9329000000000000000000000000167a9333bf582556f35bd4d16a7e80e191aa6476000000000000000000000000571b7b69829ce2568b9bc3d32eaf7405dab76b21,,1522879,33571,10622849,0x0f2c9329,"split(address targetFork, address targetNoFork)",0.301596595,sent,0xcd0a0175ce2267e37b7c622417b4b621571aa77d
704,5366532,1522665300,0x9bc84b4e3a2ecc476e0318c4fa4dd254c0835f15fe230b6be15b5a33f11b9f83,1043731,0x76fc1b5b4cc121e570e7187cb4b8f3c3d055400f5a50d073b15db24b9eb59c51,42,0xb2930b35844a230f00e51431acae96fe543a0347,0xcd0a0175ce2267e37b7c622417b4b621571aa77d,299475720000000000,100000,40000000000,0,1,0x,,1378392,21000,10608871,0x,,0.29947572,received,0xcd0a0175ce2267e37b7c622417b4b621571aa77d
705,5367617,1522680990,0x2aaf0e60fed0e968866b10f5b2953313bfa3fda64a8c3cf10e58034e8f143f19,352,0x098d3c7f6c256cbe6ce56bfbd59fdde1cb4fd12f1df7d24632109482db39e185,78,0xcd0a0175ce2267e37b7c622417b4b621571aa77d,0xabbb6bebfa05aa13e908eaa492bd7a8343760477,299307865000000000,81000,5000000000,0,1,0x0f2c9329000000000000000000000000167a9333bf582556f35bd4d16a7e80e191aa6476000000000000000000000000571b7b69829ce2568b9bc3d32eaf7405dab76b21,,2810578,33571,10607786,0x0f2c9329,"split(address targetFork, address targetNoFork)",0.299307865,sent,0xcd0a0175ce2267e37b7c622417b4b621571aa77d
706,5379505,1522851299,0x386749968be69a719f782f407db58b33939cc28e231bb72d2b551e7716561ad9,1050596,0x3db3280b6ee48254acafbdedbcf4571de0e55db6d6454d8f2a8db85a70eca8db,30,0xb2930b35844a230f00e51431acae96fe543a0347,0xcd0a0175ce2267e37b7c622417b4b621571aa77d,299101150000000000,100000,40000000000,0,1,0x,,766805,21000,10595898,0x,,0.29910115,received,0xcd0a0175ce2267e37b7c622417b4b621571aa77d
707,5380266,1522862397,0xa7a3d9dbcf722ed4f488404738d69244b711bf6921ae2415f1df68761f0d5e5a,353,0x517ed118ac4f0fcbc1380a9140d9b50d125eaa9b3c114327146a07a40b3cd1d0,72,0xcd0a0175ce2267e37b7c622417b4b621571aa77d,0xabbb6bebfa05aa13e908eaa492bd7a8343760477,298933295000000000,81000,5000000000,0,1,0x0f2c9329000000000000000000000000167a9333bf582556f35bd4d16a7e80e191aa6476000000000000000000000000571b7b69829ce2568b9bc3d32eaf7405dab76b21,,2654291,33571,10595137,0x0f2c9329,"split(address targetFork, address targetNoFork)",0.298933295,sent,0xcd0a0175ce2267e37b7c622417b4b621571aa77d
708,5391984,1523030704,0x6c6c1696c01738ba4707819fd0ae5446aa12012da75a3ebdc924cab4ff3ae3d0,1056814,0xf46fe19114a5566fcefbd7cd46136e74668edb7474e7378ba62deba86a8983b5,7,0xb2930b35844a230f00e51431acae96fe543a0347,0xcd0a0175ce2267e37b7c622417b4b621571aa77d,299843280000000000,100000,40000000000,0,1,0x,,452984,21000,10583419,0x,,0.29984328,received,0xcd0a0175ce2267e37b7c622417b4b621571aa77d
709,5392087,1523032034,0xb0186fb26c2a96f9590bb966ea748c8269bcef774201132abb83552eb20f0edd,354,0xcdeb6a87c1b434cc3c37b341c688ef3f2785eff0835edd13f09fc4e60faba562,69,0xcd0a0175ce2267e37b7c622417b4b621571aa77d,0xabbb6bebfa05aa13e908eaa492bd7a8343760477,299675425000000000,81000,5000000000,0,1,0x0f2c9329000000000000000000000000167a9333bf582556f35bd4d16a7e80e191aa6476000000000000000000000000571b7b69829ce2568b9bc3d32eaf7405dab76b21,,4424690,33571,10583316,0x0f2c9329,"split(address targetFork, address targetNoFork)",0.299675425,sent,0xcd0a0175ce2267e37b7c622417b4b621571aa77d
710,5404662,1523211220,0x92d32d88cdbcec132faff217587a32e54d7968b70ad9a7770faf104f10282826,1062656,0x57a20974bc48e8ac3d0f39331faaff573eb23e30d0738c4d010c035fbe8835bc,29,0xb2930b35844a230f00e51431acae96fe543a0347,0xcd0a0175ce2267e37b7c622417b4b621571aa77d,299639330000000000,100000,40000000000,0,1,0x,,1010141,21000,10570741,0x,,0.29963933,received,0xcd0a0175ce2267e37b7c622417b4b621571aa77d
711,5404717,1523212029,0xb2ff196017dd4858f93293191aefa6c84f397700067d676c0338dbdd25624ad3,355,0x9698bd3d919054d75461136a0a4fa0d015a96b6c6575b4aad47fd3736f466077,57,0xcd0a0175ce2267e37b7c622417b4b621571aa77d,0xabbb6bebfa05aa13e908eaa492bd7a8343760477,299471475000000000,81000,5000000000,0,1,0x0f2c9329000000000000000000000000167a9333bf582556f35bd4d16a7e80e191aa6476000000000000000000000000571b7b69829ce2568b9bc3d32eaf7405dab76b21,,2653613,33571,10570686,0x0f2c9329,"split(address targetFork, address targetNoFork)",0.299471475,sent,0xcd0a0175ce2267e37b7c622417b4b621571aa77d
712,5418067,1523403178,0xc562e87c1b63fbb983b8aefaf9a4f0de754f6458f43cd249707ea30c16d42bf7,1069416,0x9056b434e8e039973baa3d36003a26af64271491743ab0922a2c94be669abd8b,29,0xb2930b35844a230f00e51431acae96fe543a0347,0xcd0a0175ce2267e37b7c622417b4b621571aa77d,300110910000000000,100000,40000000000,0,1,0x,,2089933,21000,10557336,0x,,0.30011091,received,0xcd0a0175ce2267e37b7c622417b4b621571aa77d
713,5418122,1523403853,0x1ae367cc2502d6739b9c3a38e3649747965bde67321ed28680134870b0d2faff,356,0xbb3e6770168165c45bc474770977b327764af9699338de09f5be78b8eb317315,163,0xcd0a0175ce2267e37b7c622417b4b621571aa77d,0xabbb6bebfa05aa13e908eaa492bd7a8343760477,299943055000000000,81000,5000000000,0,1,0x0f2c9329000000000000000000000000167a9333bf582556f35bd4d16a7e80e191aa6476000000000000000000000000571b7b69829ce2568b9bc3d32eaf7405dab76b21,,4136932,33571,10557281,0x0f2c9329,"split(address targetFork, address targetNoFork)",0.299943055,sent,0xcd0a0175ce2267e37b7c622417b4b621571aa77d
714,5441252,1523740862,0x6e49621c58896c3268526efed3863170c85660e13ee377e7f622d521f66870d7,1081123,0x05a5b77c95d6681071c3e25377e5f1e70ba3a0dfedc3e91eaa9b849ff6cf7561,9,0xb2930b35844a230f00e51431acae96fe543a0347,0xcd0a0175ce2267e37b7c622417b4b621571aa77d,299614880000000000,100000,40000000000,0,1,0x,,325072,21000,10534151,0x,,0.29961488,received,0xcd0a0175ce2267e37b7c622417b4b621571aa77d
715,5441304,1523741579,0xc8fb90728e4d184c8a31ffd49748efa5eb3990145887526546ddf4c6cc9e9cd3,357,0x3a1e59a083cead5897e0e1ad980e45cb2accc2666c52303e1bb6a90cbe185ea8,65,0xcd0a0175ce2267e37b7c622417b4b621571aa77d,0xabbb6bebfa05aa13e908eaa492bd7a8343760477,299447025000000000,81000,5000000000,0,1,0x0f2c9329000000000000000000000000167a9333bf582556f35bd4d16a7e80e191aa6476000000000000000000000000571b7b69829ce2568b9bc3d32eaf7405dab76b21,,3596404,33571,10534099,0x0f2c9329,"split(address targetFork, address targetNoFork)",0.299447025,sent,0xcd0a0175ce2267e37b7c622417b4b621571aa77d
716,5454763,1523937877,0x397e16f8499f69d3243718409ce0a4058163cc814560c544cae651756a7d9275,1088298,0x3531049972619c4eec0eed1d2ffbb1123798645acc157c58162913bdcc4caab2,141,0xb2930b35844a230f00e51431acae96fe543a0347,0xcd0a0175ce2267e37b7c622417b4b621571aa77d,300734010000000000,100000,1000000000,0,1,0x,,6133216,21000,10520640,0x,,0.30073401,received,0xcd0a0175ce2267e37b7c622417b4b621571aa77d
717,5454819,1523938748,0xf4bb03b00082d8d5bb487273c6aeb2e2643319674db2cad81eda8c4d14dbe89c,358,0x9de9b3e297e6e84a419f8957ca5a67f0860ab58d8db2d85d127e6746d329a41f,69,0xcd0a0175ce2267e37b7c622417b4b621571aa77d,0xabbb6bebfa05aa13e908eaa492bd7a8343760477,300566155000000000,81000,5000000000,0,1,0x0f2c9329000000000000000000000000167a9333bf582556f35bd4d16a7e80e191aa6476000000000000000000000000571b7b69829ce2568b9bc3d32eaf7405dab76b21,,2600157,33571,10520584,0x0f2c9329,"split(address targetFork, address targetNoFork)",0.300566155,sent,0xcd0a0175ce2267e37b7c622417b4b621571aa77d
718,5467832,1524132371,0xc48d2568a3d3b1d206820488cce162f16fa23b6257f2e5366b2ad6e7d7eb888d,1095652,0x09aeb802abca51cb4b564aca9e8a36f78a553a40742c13fee2c304f24c269996,124,0xb2930b35844a230f00e51431acae96fe543a0347,0xcd0a0175ce2267e37b7c622417b4b621571aa77d,299557450000000000,100000,4000000000,0,1,0x,,3798711,21000,10507571,0x,,0.29955745,received,0xcd0a0175ce2267e37b7c622417b4b621571aa77d
719,5467883,1524133357,0xcc2e346beddd5593c24c0ad53639b420425ab0de64100c68a6f4a341c4051ea9,359,0x0e2d267cc23f2d383a39f272e2cf9ac79099a19d5ca0422f5b49c03f5d232e75,83,0xcd0a0175ce2267e37b7c622417b4b621571aa77d,0xabbb6bebfa05aa13e908eaa492bd7a8343760477,299389595000000000,81000,5000000000,0,1,0x0f2c9329000000000000000000000000167a9333bf582556f35bd4d16a7e80e191aa6476000000000000000000000000571b7b69829ce2568b9bc3d32eaf7405dab76b21,,3055423,33571,10507520,0x0f2c9329,"split(address targetFork, address targetNoFork)",0.299389595,sent,0xcd0a0175ce2267e37b7c622417b4b621571aa77d
720,5481963,1524342831,0xd77e4520b934b2a29944ca827e1dc9de3776c59a93074a62fd7d645223ec017b,1103746,0xb1a05dfee59177e12aac9f5e4132075bd7003ea3cf4b3ca158ee3e6ec30c83eb,87,0xb2930b35844a230f00e51431acae96fe543a0347,0xcd0a0175ce2267e37b7c622417b4b621571aa77d,300601320000000000,100000,4000000000,0,1,0x,,2988589,21000,10493440,0x,,0.30060132,received,0xcd0a0175ce2267e37b7c622417b4b621571aa77d
721,5482049,1524343936,0x9d84ecf70208ac529a32b60e00eed73bac86689be08233d4b7b5e98528d33c30,360,0xc915e40493fb79bda739585ca8aacc0bfcc245ba1bb49d90ef3a3e37e701f714,10,0xcd0a0175ce2267e37b7c622417b4b621571aa77d,0xabbb6bebfa05aa13e908eaa492bd7a8343760477,300433465000000000,81000,5000000000,0,1,0x0f2c9329000000000000000000000000167a9333bf582556f35bd4d16a7e80e191aa6476000000000000000000000000571b7b69829ce2568b9bc3d32eaf7405dab76b21,,346346,33571,10493354,0x0f2c9329,"split(address targetFork, address targetNoFork)",0.300433465,sent,0xcd0a0175ce2267e37b7c622417b4b621571aa77d
722,5495833,1524548583,0x4fccff4029f26e3635ea8853ab4b1e76d6733ba97fd598da2ebc6667a555d3d2,1111762,0xb0be774c0fcd13bb90b2b9a4ac4e0dae82432996c460ddaed96c240cd6732022,118,0xb2930b35844a230f00e51431acae96fe543a0347,0xcd0a0175ce2267e37b7c622417b4b621571aa77d,299802580000000000,100000,4000000000,0,1,0x,,4481713,21000,10479570,0x,,0.29980258,received,0xcd0a0175ce2267e37b7c622417b4b621571aa77d
723,5495886,1524549483,0xb5907b4d5af500144519bc109bedd180dcf180da93f8e0b3259c1cdb820452d6,361,0xebe4c4e541eaeddce0814c959f34044a95c25fd78f98cb35c1cde5265032f728,89,0xcd0a0175ce2267e37b7c622417b4b621571aa77d,0xabbb6bebfa05aa13e908eaa492bd7a8343760477,299634725000000000,81000,10000000000,0,1,0x0f2c9329000000000000000000000000167a9333bf582556f35bd4d16a7e80e191aa6476000000000000000000000000571b7b69829ce2568b9bc3d32eaf7405dab76b21,,3343158,33571,10479517,0x0f2c9329,"split(address targetFork, address targetNoFork)",0.299634725,sent,0xcd0a0175ce2267e37b7c622417b4b621571aa77d
724,5508658,1524739283,0x5f90adb54e220e5ab31ae38a7068668fdbf2842a0842ac8e461097a9ad308ea3,1119546,0x783a562d61983e30f3bc2c4e1f613707da4604a48350dae5918b85381e289126,120,0xb2930b35844a230f00e51431acae96fe543a0347,0xcd0a0175ce2267e37b7c622417b4b621571aa77d,299618340000000000,100000,4000000000,0,1,0x,,3535075,21000,10466745,0x,,0.29961834,received,0xcd0a0175ce2267e37b7c622417b4b621571aa77d
725,5508713,1524740201,0xbe5b9a700d043791784366bb3322da7672476898f492be25a33242c0b76b2558,362,0xb36586b817df92278f810862106bc614603bd7392d5551ae65b6f996b3929dbe,89,0xcd0a0175ce2267e37b7c622417b4b621571aa77d,0xabbb6bebfa05aa13e908eaa492bd7a8343760477,299282630000000000,81000,10000000000,0,1,0x0f2c9329000000000000000000000000167a9333bf582556f35bd4d16a7e80e191aa6476000000000000000000000000571b7b69829ce2568b9bc3d32eaf7405dab76b21,,3020441,33571,10466690,0x0f2c9329,"split(address targetFork, address targetNoFork)",0.29928263,sent,0xcd0a0175ce2267e37b7c622417b4b621571aa77d
726,5527637,1525024282,0x6e01226788d6d86dbad20704dc6780d9831fc45ee6e0e646dbeb3b41466f9fe0,1130005,0x122596889ba48d13bdfa3fa78e56bcd0b4f40ce2708d41fbbad41c47984d7459,101,0xb2930b35844a230f00e51431acae96fe543a0347,0xcd0a0175ce2267e37b7c622417b4b621571aa77d,299725960000000000,100000,4000000000,0,1,0x,,7656352,21000,10447766,0x,,0.29972596,received,0xcd0a0175ce2267e37b7c622417b4b621571aa77d
727,5527701,1525025289,0xfea7f8d8b10a096a11f367daf7fc396b214be5b2ac8ff3507c552e0d69372661,363,0x74953ff0fcad925d41d532d9c240453518e989469dba6c7f22541012cbb55d6a,84,0xcd0a0175ce2267e37b7c622417b4b621571aa77d,0xabbb6bebfa05aa13e908eaa492bd7a8343760477,299390250000000000,81000,10000000000,0,1,0x0f2c9329000000000000000000000000167a9333bf582556f35bd4d16a7e80e191aa6476000000000000000000000000571b7b69829ce2568b9bc3d32eaf7405dab76b21,,5671098,33571,10447702,0x0f2c9329,"split(address targetFork, address targetNoFork)",0.29939025,sent,0xcd0a0175ce2267e37b7c622417b4b621571aa77d
728,5560027,1525516119,0x53efe5186a30c80b26cf50d7a1859b9c0e9c9d48a73e25d9144061907034cc03,1149857,0xf1a226cf576a6f289b17141755c4c59152595b6ab9ad40738850894a52d0412a,67,0xb2930b35844a230f00e51431acae96fe543a0347,0xcd0a0175ce2267e37b7c622417b4b621571aa77d,299510350000000000,100000,30000000000,0,1,0x,,2044128,21000,10415376,0x,,0.29951035,received,0xcd0a0175ce2267e37b7c622417b4b621571aa77d
729,5560840,1525529039,0x6a380b472a851833cc94d3952f79137310e57803dc0e61a64bcd2f2c4b59c0da,364,0x33034dbc7375cd5a0f0fc80ae78360f095af79099806331881f569393f8f193c,171,0xcd0a0175ce2267e37b7c622417b4b621571aa77d,0xabbb6bebfa05aa13e908eaa492bd7a8343760477,299174640000000000,81000,10000000000,0,1,0x0f2c9329000000000000000000000000167a9333bf582556f35bd4d16a7e80e191aa6476000000000000000000000000571b7b69829ce2568b9bc3d32eaf7405dab76b21,,7504042,33571,10414563,0x0f2c9329,"split(address targetFork, address targetNoFork)",0.29917464,sent,0xcd0a0175ce2267e37b7c622417b4b621571aa77d
730,5576151,1525757058,0x9f40d765de0c17ab6453e1184822cc26438f9e90087696d3cbc84cb9e988136e,1158950,0x7a91a54bf5db99a2e0a1ba781d052829f4b0f960cc0d3c3649b3e374b2d47216,187,0xb2930b35844a230f00e51431acae96fe543a0347,0xcd0a0175ce2267e37b7c622417b4b621571aa77d,299990430000000000,100000,6000000000,0,1,0x,,4433283,21000,10399252,0x,,0.29999043,received,0xcd0a0175ce2267e37b7c622417b4b621571aa77d
731,5576210,1525757978,0xfb17dca7ab42b216bfdea89632bb120b4db506c09be7e7d922001436b8431514,365,0x7755027e4f244be7fbacb084728ac4bb0697d8feb7f77a535a4f6788111941a2,62,0xcd0a0175ce2267e37b7c622417b4b621571aa77d,0xabbb6bebfa05aa13e908eaa492bd7a8343760477,299654720000000000,81000,10000000000,0,1,0x0f2c9329000000000000000000000000167a9333bf582556f35bd4d16a7e80e191aa6476000000000000000000000000571b7b69829ce2568b9bc3d32eaf7405dab76b21,,2033947,33571,10399193,0x0f2c9329,"split(address targetFork, address targetNoFork)",0.29965472,sent,0xcd0a0175ce2267e37b7c622417b4b621571aa77d
732,5592752,1526007964,0x0b3a874ab189756e69125e5f6f7131c4e210c8df327eb1d8092cfc46c08807a9,1168728,0x1df0295b187feb2407ab1fcd52b12b8f129bedf66cb8555147077c9eb88682f4,138,0xb2930b35844a230f00e51431acae96fe543a0347,0xcd0a0175ce2267e37b7c622417b4b621571aa77d,299683010000000000,100000,8000000000,0,1,0x,,7625882,21000,10382651,0x,,0.29968301,received,0xcd0a0175ce2267e37b7c622417b4b621571aa77d
733,5592805,1526008721,0x446f8ae3bdbc7ec104aac07cfcf04526a85676c1fd1a0fc8c15b5f98ebef9091,366,0xe28f6c1d3b2b55411cd33bdd365bb980eeddbe005e2989a89ee34a0550ac744d,82,0xcd0a0175ce2267e37b7c622417b4b621571aa77d,0xabbb6bebfa05aa13e908eaa492bd7a8343760477,299347300000000000,81000,10000000000,0,1,0x0f2c9329000000000000000000000000167a9333bf582556f35bd4d16a7e80e191aa6476000000000000000000000000571b7b69829ce2568b9bc3d32eaf7405dab76b21,,4575191,33571,10382598,0x0f2c9329,"split(address targetFork, address targetNoFork)",0.2993473,sent,0xcd0a0175ce2267e37b7c622417b4b621571aa77d
734,5610135,1526269432,0xdebfc334e7a33d87cc99a6828d5778b38452edcc79065de5c85d9085fed8ac60,1178333,0x2509b5b502f3239501eebd9c9b1f74697e66c60854fff7dddcdd105098e75960,34,0xb2930b35844a230f00e51431acae96fe543a0347,0xcd0a0175ce2267e37b7c622417b4b621571aa77d,299574460000000000,100000,8000000000,0,1,0x,,1772796,21000,10365268,0x,,0.29957446,received,0xcd0a0175ce2267e37b7c622417b4b621571aa77d
735,5610316,1526271982,0x523ec98c3e46702f27f287c504765e12ffbf0e4154b9b69e57c2f86fc5a099ce,367,0x4b710f20699fcf4b1087546bd403834ca965d8b2cd7f230309c17b3566768bae,48,0xcd0a0175ce2267e37b7c622417b4b621571aa77d,0xabbb6bebfa05aa13e908eaa492bd7a8343760477,299238750000000000,81000,10000000000,0,1,0x0f2c9329000000000000000000000000167a9333bf582556f35bd4d16a7e80e191aa6476000000000000000000000000571b7b69829ce2568b9bc3d32eaf7405dab76b21,,1733850,33571,10365087,0x0f2c9329,"split(address targetFork, address targetNoFork)",0.29923875,sent,0xcd0a0175ce2267e37b7c622417b4b621571aa77d
736,5625250,1526499800,0xfad24799c52baab2d613b7d59cb235f285196c383761c6632059404795b0a016,1187267,0x33049331ccaf9ba69d503da0b4fc909081b2e56aa93fabb4d46917dec1dff1a0,116,0xb2930b35844a230f00e51431acae96fe543a0347,0xcd0a0175ce2267e37b7c622417b4b621571aa77d,300918650000000000,100000,10000000000,0,1,0x,,5386942,21000,10350153,0x,,0.30091865,received,0xcd0a0175ce2267e37b7c622417b4b621571aa77d
737,5625303,1526500525,0x99833ad71c80b74140b76e190d34e371ca92ad4c82d8e3ae0ad138e89fa4f365,368,0xfba845e79e85cb24e1d942a8dcf1f4338ad06d2f2b9f705ef0653a4580e161cf,70,0xcd0a0175ce2267e37b7c622417b4b621571aa77d,0xabbb6bebfa05aa13e908eaa492bd7a8343760477,300582940000000000,81000,10000000000,0,1,0x0f2c9329000000000000000000000000167a9333bf582556f35bd4d16a7e80e191aa6476000000000000000000000000571b7b69829ce2568b9bc3d32eaf7405dab76b21,,3601897,33571,10350100,0x0f2c9329,"split(address targetFork, address targetNoFork)",0.30058294,sent,0xcd0a0175ce2267e37b7c622417b4b621571aa77d
738,5641438,1526747618,0xad7b4ddfc90d99964f08b23a3e161484219e666f2cf26b13fe5433d6ef719322,1196178,0xcc9d14b43d5ca09343c72bd558b373b75d39b8607cff3c21b8a1dc4d974157f9,77,0xb2930b35844a230f00e51431acae96fe543a0347,0xcd0a0175ce2267e37b7c622417b4b621571aa77d,306373640000000000,100000,12000000000,0,1,0x,,7776295,21000,10333965,0x,,0.30637364,received,0xcd0a0175ce2267e37b7c622417b4b621571aa77d
739,5641497,1526748726,0x80106d88f09353b412fcd30435eb02ef2a870c21bb50de451c8fba3008bc7a32,369,0x7460b23a60be0a2347a541b427447e2ec1716835316cdc8e55e5ec11754d6b3c,118,0xcd0a0175ce2267e37b7c622417b4b621571aa77d,0xabbb6bebfa05aa13e908eaa492bd7a8343760477,306037930000000000,81000,10000000000,0,1,0x0f2c9329000000000000000000000000167a9333bf582556f35bd4d16a7e80e191aa6476000000000000000000000000571b7b69829ce2568b9bc3d32eaf7405dab76b21,,5194988,33571,10333906,0x0f2c9329,"split(address targetFork, address targetNoFork)",0.30603793,sent,0xcd0a0175ce2267e37b7c622417b4b621571aa77d
740,5657647,1526994600,0xc111fb5743e6160e1aeeb9bee85738b94ea610e7c76d3554dda46a14da6ace62,1205027,0xaad8b11fbd5ebdc87dd53da132f6e734cef7e747b974357561e4fa7809b75bff,78,0xb2930b35844a230f00e51431acae96fe543a0347,0xcd0a0175ce2267e37b7c622417b4b621571aa77d,299770750000000000,100000,15000000000,0,1,0x,,3178028,21000,10317756,0x,,0.29977075,received,0xcd0a0175ce2267e37b7c622417b4b621571aa77d
741,5657730,1526995805,0xecfd6313981877b614f1f42564e9cd1d57d72f54238dfd6b2f1e4cc73f3bb5d8,370,0x9edcd3cdb7fb1e5281d1437121ed6e5643df08ce3b9a6f246b91151cb3597630,84,0xcd0a0175ce2267e37b7c622417b4b621571aa77d,0xabbb6bebfa05aa13e908eaa492bd7a8343760477,299435040000000000,81000,10000000000,0,1,0x0f2c9329000000000000000000000000167a9333bf582556f35bd4d16a7e80e191aa6476000000000000000000000000571b7b69829ce2568b9bc3d32eaf7405dab76b21,,4720466,33571,10317673,0x0f2c9329,"split(address targetFork, address targetNoFork)",0.29943504,sent,0xcd0a0175ce2267e37b7c622417b4b621571aa77d
742,5675388,1527267910,0xa311484e1ccf1294b488061b49101d231605cd27bf64387802a95cf4fdb3604b,1214814,0x58c53a24f1404a2b36a80aff34bb083dc7ddeb8ff2189f04b6aea6935a8f33c9,81,0xb2930b35844a230f00e51431acae96fe543a0347,0xcd0a0175ce2267e37b7c622417b4b621571aa77d,299527220000000000,100000,12600000000,0,1,0x,,3994932,21000,10300015,0x,,0.29952722,received,0xcd0a0175ce2267e37b7c622417b4b621571aa77d
743,5675443,1527268705,0x1960363c1128215454a925af6f7c744c294b64a1328bf33e055e21db79f28819,371,0xa7ea0f38882bf8927024c17442e4e816aa5b1747b16298b1ddd503b7d439b287,176,0xcd0a0175ce2267e37b7c622417b4b621571aa77d,0xabbb6bebfa05aa13e908eaa492bd7a8343760477,299191510000000000,81000,10000000000,0,1,0x0f2c9329000000000000000000000000167a9333bf582556f35bd4d16a7e80e191aa6476000000000000000000000000571b7b69829ce2568b9bc3d32eaf7405dab76b21,,5419567,33571,10299960,0x0f2c9329,"split(address targetFork, address targetNoFork)",0.29919151,sent,0xcd0a0175ce2267e37b7c622417b4b621571aa77d
744,5693808,1527547975,0x9f9f5e7bfa25d80c86322b277212b02ad36790672f7f6bc1b1c92ba49e5f6f4d,1224150,0xb8dce35b4127e4ba36e5330290ddc01a29572e292f7f0a7c129c05299d3a7a75,100,0xb2930b35844a230f00e51431acae96fe543a0347,0xcd0a0175ce2267e37b7c622417b4b621571aa77d,299595510000000000,100000,12000000000,0,1,0x,,5289266,21000,10281595,0x,,0.29959551,received,0xcd0a0175ce2267e37b7c622417b4b621571aa77d
745,5693863,1527548734,0xf35ad00b43862fc91fbadcbbda1360d3370db826866247b018738eea0a635fa9,372,0xbd190aaea9e195486970b25c84c7b9e2422c45069e8f0f30b30e0e252eb15391,51,0xcd0a0175ce2267e37b7c622417b4b621571aa77d,0xabbb6bebfa05aa13e908eaa492bd7a8343760477,299259800000000000,81000,10000000000,0,1,0x0f2c9329000000000000000000000000167a9333bf582556f35bd4d16a7e80e191aa6476000000000000000000000000571b7b69829ce2568b9bc3d32eaf7405dab76b21,,1428898,33571,10281540,0x0f2c9329,"split(address targetFork, address targetNoFork)",0.2992598,sent,0xcd0a0175ce2267e37b7c622417b4b621571aa77d
746,5713656,1527852881,0x964263661b6b0ac21aabf691bc0fdf0801768ccf8bd6e77b64a46a658da01546,1235191,0x375bb7b80f75271c5a67afe8642c8f35c10f2e5916cb9667a6adea03100bbb6f,131,0xb2930b35844a230f00e51431acae96fe543a0347,0xcd0a0175ce2267e37b7c622417b4b621571aa77d,311974810000000000,100000,19000000000,0,1,0x,,4547841,21000,10261747,0x,,0.31197481,received,0xcd0a0175ce2267e37b7c622417b4b621571aa77d
747,5713753,1527854507,0x45d7efab93f02a477ffa37f0a0d24e273e3592fd9755d2d421573a983a3bd724,373,0x8f21d6c75340ea88fcdf881d0e4568e05bf773def060cb877907cec5e108dad1,12,0xcd0a0175ce2267e37b7c622417b4b621571aa77d,0xabbb6bebfa05aa13e908eaa492bd7a8343760477,311639100000000000,81000,10000000000,0,1,0x0f2c9329000000000000000000000000167a9333bf582556f35bd4d16a7e80e191aa6476000000000000000000000000571b7b69829ce2568b9bc3d32eaf7405dab76b21,,398623,33571,10261650,0x0f2c9329,"split(address targetFork, address targetNoFork)",0.3116391,sent,0xcd0a0175ce2267e37b7c622417b4b621571aa77d
748,5734454,1528170807,0xb42c8b837c2c30c4cfa609b50e8360f113e890e4c32beba7ca6c3ed69c6b0658,1246114,0xb25ce8d4daedb798ed13a04128ce81e6a8368447195b138ad746a19c2d2524b8,121,0xb2930b35844a230f00e51431acae96fe543a0347,0xcd0a0175ce2267e37b7c622417b4b621571aa77d,324304620000000000,100000,12000000000,0,1,0x,,6846847,21000,10240949,0x,,0.32430462,received,0xcd0a0175ce2267e37b7c622417b4b621571aa77d
749,5734509,1528171594,0x226e1296f54fa2e223229e4fb74f036408848b873104613628e26d66134267ba,374,0xdd8e778746e7faaec2965f1a93e9b62031132f3eac84e5ae399adfcd6ac8d01b,80,0xcd0a0175ce2267e37b7c622417b4b621571aa77d,0xabbb6bebfa05aa13e908eaa492bd7a8343760477,323968910000000000,81000,10000000000,0,1,0x0f2c9329000000000000000000000000167a9333bf582556f35bd4d16a7e80e191aa6476000000000000000000000000571b7b69829ce2568b9bc3d32eaf7405dab76b21,,3313729,33571,10240894,0x0f2c9329,"split(address targetFork, address targetNoFork)",0.32396891,sent,0xcd0a0175ce2267e37b7c622417b4b621571aa77d
750,5751477,1528433209,0x5971a659414542923d6a5f3edf499eac48a6589850fc2e3aaeeb4489e052c74d,1255525,0xf6f311c98ae318e6b63652c0e53220621d23d171592b2c007f878998d9c60181,134,0xb2930b35844a230f00e51431acae96fe543a0347,0xcd0a0175ce2267e37b7c622417b4b621571aa77d,305771240000000000,100000,10000000000,0,1,0x,,5408202,21000,10223926,0x,,0.30577124,received,0xcd0a0175ce2267e37b7c622417b4b621571aa77d
751,5751532,1528434168,0x3f1ffdc22b612d19d8e7579dc0a575300bd5252ed02ad400a71a20af1dab5bc2,375,0xcbb5a871343fb550bac1299ad406758223b579c27bdf2ae2fd749089f4ac1876,92,0xcd0a0175ce2267e37b7c622417b4b621571aa77d,0xabbb6bebfa05aa13e908eaa492bd7a8343760477,305435530000000000,81000,10000000000,0,1,0x0f2c9329000000000000000000000000167a9333bf582556f35bd4d16a7e80e191aa6476000000000000000000000000571b7b69829ce2568b9bc3d32eaf7405dab76b21,,3418699,33571,10223871,0x0f2c9329,"split(address targetFork, address targetNoFork)",0.30543553,sent,0xcd0a0175ce2267e37b7c622417b4b621571aa77d
752,5768324,1528691173,0x28d1e19f1140aeed0bc5ec75f86e1483649e4f704294d7ac7c622e8ef69d2478,1264209,0xb9da117672bee7d7ab33d2d48dc61a808e29aa49b9670658a22303f29ff6b170,156,0xb2930b35844a230f00e51431acae96fe543a0347,0xcd0a0175ce2267e37b7c622417b4b621571aa77d,306147080000000000,100000,9000000000,0,1,0x,,6244301,21000,10207079,0x,,0.30614708,received,0xcd0a0175ce2267e37b7c622417b4b621571aa77d
753,5768376,1528692037,0x50690b92fad083aa08e7552f3a581c04f4ee88b531abd3d3dc8a9413f799e9b8,376,0xa1236a4f9fb51ca70a17ed92a3a7ba1d8e5a77ec3d1bfbcda9ccbad98d6f427b,94,0xcd0a0175ce2267e37b7c622417b4b621571aa77d,0xabbb6bebfa05aa13e908eaa492bd7a8343760477,305811370000000000,81000,10000000000,0,1,0x0f2c9329000000000000000000000000167a9333bf582556f35bd4d16a7e80e191aa6476000000000000000000000000571b7b69829ce2568b9bc3d32eaf7405dab76b21,,3116248,33571,10207027,0x0f2c9329,"split(address targetFork, address targetNoFork)",0.30581137,sent,0xcd0a0175ce2267e37b7c622417b4b621571aa77d
754,5786737,1528969375,0xa560071e8144d6b67a489f7592eb3cb417c4313c75b53e9a050cc56a073816ba,1273703,0x5d48fb5ef8edaac9eed75b2ffb69e23a60ee31b27b438e0e7061af528027b4fc,107,0xb2930b35844a230f00e51431acae96fe543a0347,0xcd0a0175ce2267e37b7c622417b4b621571aa77d,304035640000000000,100000,12000000000,0,1,0x,,3921490,21000,10188666,0x,,0.30403564,received,0xcd0a0175ce2267e37b7c622417b4b621571aa77d
755,5786795,1528970051,0x1dd40e068205f69e02f11d87bfffde09448bdb21bec47744746193435153f811,377,0xe604bfad26526ee39aa6502d18880f3ff4eb5004ada319f596c134794ba6384a,150,0xcd0a0175ce2267e37b7c622417b4b621571aa77d,0xabbb6bebfa05aa13e908eaa492bd7a8343760477,303699930000000000,81000,10000000000,0,1,0x0f2c9329000000000000000000000000167a9333bf582556f35bd4d16a7e80e191aa6476000000000000000000000000571b7b69829ce2568b9bc3d32eaf7405dab76b21,,4295204,33571,10188608,0x0f2c9329,"split(address targetFork, address targetNoFork)",0.30369993,sent,0xcd0a0175ce2267e37b7c622417b4b621571aa77d
756,5824569,1529528272,0xc02f4a6c0922019d11a78ba8cf1c90e70c22f1d2898abd9490a2875ab77f21b2,1292064,0x2e515e82ffbb72405e4e3567d043c3c73f002312a16a3778e8f993af4a1e46f1,64,0xb2930b35844a230f00e51431acae96fe543a0347,0xcd0a0175ce2267e37b7c622417b4b621571aa77d,353479850000000000,100000,4000000000,0,1,0x,,4828263,21000,10150834,0x,,0.35347985,received,0xcd0a0175ce2267e37b7c622417b4b621571aa77d
757,5824622,1529528903,0xcdde9e78bd2139876af2f6d1b659e4eb9f3b21fb614868b64f6761dc48f77473,378,0x230345cb97cd86075f6ef1a9ea681ffd3f5a40ba9cba67abfad21f88e1074d04,19,0xcd0a0175ce2267e37b7c622417b4b621571aa77d,0xabbb6bebfa05aa13e908eaa492bd7a8343760477,353144140000000000,81000,10000000000,0,1,0x0f2c9329000000000000000000000000167a9333bf582556f35bd4d16a7e80e191aa6476000000000000000000000000571b7b69829ce2568b9bc3d32eaf7405dab76b21,,976363,33571,10150781,0x0f2c9329,"split(address targetFork, address targetNoFork)",0.35314414,sent,0xcd0a0175ce2267e37b7c622417b4b621571aa77d
758,5849021,1529887398,0x0836da72a72261d56f62d7563109d321768735e84ac03d303d517feb555602d5,1302949,0x255c2207a578df92aa1af3b8b4677313c8b07e901bc0c5a70bc44ebd7618af75,148,0xb2930b35844a230f00e51431acae96fe543a0347,0xcd0a0175ce2267e37b7c622417b4b621571aa77d,308289770000000000,100000,3000000000,0,1,0x,,5747408,21000,10126382,0x,,0.30828977,received,0xcd0a0175ce2267e37b7c622417b4b621571aa77d
759,5849073,1529888188,0x9125041059877b43cd135cc14978de285740de785166592b78274f42064f8b73,379,0x545ea08d280fee03618efe9c29420154f2bd6edf1e3fcacfbc5567511aa9822a,28,0xcd0a0175ce2267e37b7c622417b4b621571aa77d,0xabbb6bebfa05aa13e908eaa492bd7a8343760477,307954060000000000,81000,10000000000,0,1,0x0f2c9329000000000000000000000000167a9333bf582556f35bd4d16a7e80e191aa6476000000000000000000000000571b7b69829ce2568b9bc3d32eaf7405dab76b21,,965909,33571,10126330,0x0f2c9329,"split(address targetFork, address targetNoFork)",0.30795406,sent,0xcd0a0175ce2267e37b7c622417b4b621571aa77d
760,5908082,1530766378,0xbfebaa4304f267f9ea7b76e258a48621660bc827da10e19aacf29e01025ae473,1331240,0x52d8dc8c8134a3444e12125e31f9dc4e3219cf6b0d4b133e6d2deddbcb6731fb,1,0xb2930b35844a230f00e51431acae96fe543a0347,0xcd0a0175ce2267e37b7c622417b4b621571aa77d,297389800000000000,100000,35000000000,0,1,0x,,42000,21000,10067321,0x,,0.2973898,received,0xcd0a0175ce2267e37b7c622417b4b621571aa77d
761,5908201,1530768400,0xf43cd5969c49b192f483a6282a85f9bf103f45b79b70186e5d08e82f26319af4,380,0x8eab5955020387dbe234d5564aebacbb9ed5ee49c5e994321c4f1117fcba3f36,110,0xcd0a0175ce2267e37b7c622417b4b621571aa77d,0xabbb6bebfa05aa13e908eaa492bd7a8343760477,297054090000000000,81000,40000000000,0,1,0x0f2c9329000000000000000000000000167a9333bf582556f35bd4d16a7e80e191aa6476000000000000000000000000571b7b69829ce2568b9bc3d32eaf7405dab76b21,,4373450,33571,10067202,0x0f2c9329,"split(address targetFork, address targetNoFork)",0.29705409,sent,0xcd0a0175ce2267e37b7c622417b4b621571aa77d
